Receiver Clock                                              COMMENT
    30.00                                                   INTERVAL
                                                            END OF HEADER
zimm 2016  1  1  0  0  0.000000         7.179755     -6.867161
zimm 2016  1  1  0  0 30.000000         7.179755     -6.805957
zimm 2016  1  1  0  1  0.000000         7.179755     -6.699221
zimm 2016  1  1  0  1 30.000000         7.179755     -6.680545
zimm 2016  1  1  0  2  0.000000         7.179755     -6.776894
zimm 2016  1  1  0  2 30.000000         7.179755     -6.725247
zimm 2016  1  1  0  3  0.000000         7.179755     -6.646395
zimm 2016  1  1  0  3 30.000000         7.179755     -6.581730
zimm 2016  1  1  0  4  0.000000         7.179755     -6.553440
zimm 2016  1  1  0  4 30.000000         7.179755     -6.503484
zimm 2016  1  1  0  5  0.000000         7.179755     -6.492079
zimm 2016  1  1  0  5 30.000000         7.179755     -6.479901
zimm 2016  1  1  0  6  0.000000         7.179755     -6.513391
zimm 2016  1  1  0  6 30.000000         7.179755     -6.482687
zimm 2016  1  1  0  7  0.000000         7.179755     -6.425057
zimm 2016  1  1  0  7 30.000000         7.179755     -6.452765
zimm 2016  1  1  0  8  0.000000         7.179755     -6.573487
zimm 2016  1  1  0  8 30.000000         7.179755     -6.531593
zimm 2016  1  1  0  9  0.000000         7.179755     -6.469998
zimm 2016  1  1  0  9 30.000000         7.179755     -6.479905
zimm 2016  1  1  0 10  0.000000         7.179755     -6.477335
zimm 2016  1  1  0 10 30.000000         7.179755     -6.475933
zimm 2016  1  1  0 11  0.000000         7.179755     -6.454210
zimm 2016  1  1  0 11 30.000000         7.179755     -6.434307
zimm 2016  1  1  0 12  0.000000         7.179755     -6.463940
zimm 2016  1  1  0 12 30.000000         7.179755     -6.600988
zimm 2016  1  1  0 13  0.000000         7.179755     -6.566769
zimm 2016  1  1  0 13 30.000000         7.179755     -6.556072
zimm 2016  1  1  0 14  0.000000         7.179755     -6.673783
zimm 2016  1  1  0 14 30.000000         7.179755     -6.525559
zimm 2016  1  1  0 15  0.000000         7.179755     -6.507757
zimm 2016  1  1  0 15 30.000000         7.179755     -6.554667
zimm 2016  1  1  0 16  0.000000         7.179755     -6.582454
zimm 2016  1  1  0 16 30.000000         7.179755     -6.619317
zimm 2016  1  1  0 17  0.000000         7.179755     -6.591597
zimm 2016  1  1  0 17 30.000000         7.179755     -6.664049
zimm 2016  1  1  0 18  0.000000         7.179755     -6.658452
zimm 2016  1  1  0 18 30.000000         7.179755     -6.699517
zimm 2016  1  1  0 19  0.000000         7.179755     -6.663977
zimm 2016  1  1  0 19 30.000000         7.179755     -6.690611
zimm 2016  1  1  0 20  0.000000         7.179755     -6.714115
zimm 2016  1  1  0 20 30.000000         7.179755     -6.725105
zimm 2016  1  1  0 21  0.000000         7.179755     -6.761216
zimm 2016  1  1  0 21 30.000000         7.179755     -6.790282
zimm 2016  1  1  0 22  0.000000         7.179755     -6.760551
zimm 2016  1  1  0 22 30.000000         7.179755     -6.793883
zimm 2016  1  1  0 23  0.000000         7.179755     -6.789985
zimm 2016  1  1  0 23 30.000000         7.179755     -6.821821
zimm 2016  1  1  0 24  0.000000         7.179755     -6.821598
zimm 2016  1  1  0 24 30.000000         7.179755     -6.811416
zimm 2016  1  1  0 25  0.000000         7.179755     -6.837957
zimm 2016  1  1  0 25 30.000000         7.179755     -6.813609
zimm 2016  1  1  0 26  0.000000         7.179755     -6.822427
zimm 2016  1  1  0 26 30.000000         7.179755     -6.822664
zimm 2016  1  1  0 27  0.000000         7.179755     -6.787441
zimm 2016  1  1  0 27 30.000000         7.179755     -6.806055
zimm 2016  1  1  0 28  0.000000         7.179755     -6.793888
zimm 2016  1  1  0 28 30.000000         7.179755     -6.802877
zimm 2016  1  1  0 29  0.000000         7.179755     -6.795394
zimm 2016  1  1  0 29 30.000000         7.179755     -6.793768
zimm 2016  1  1  0 30  0.000000         7.179755     -6.789395
zimm 2016  1  1  0 30 30.000000         7.179755     -6.853513
zimm 2016  1  1  0 31  0.000000         7.179755     -6.872319
zimm 2016  1  1  0 31 30.000000         7.179755     -6.855833
zimm 2016  1  1  0 32  0.000000         7.179755     -6.845023
zimm 2016  1  1  0 32 30.000000         7.179755     -6.822951
zimm 2016  1  1  0 33  0.000000         7.179755     -6.782487
zimm 2016  1  1  0 33 30.000000         7.179755     -6.792118
zimm 2016  1  1  0 34  0.000000         7.179755     -6.803423
zimm 2016  1  1  0 34 30.000000         7.179755     -6.841668
zimm 2016  1  1  0 35  0.000000         7.179755     -6.834430
zimm 2016  1  1  0 35 30.000000         7.179755     -6.849567
zimm 2016  1  1  0 36  0.000000         7.179755     -6.843186
zimm 2016  1  1  0 36 30.000000         7.179755     -6.816962
zimm 2016  1  1  0 37  0.000000         7.179755     -6.769297
zimm 2016  1  1  0 37 30.000000         7.179755     -6.733182
zimm 2016  1  1  0 38  0.000000         7.179755     -6.703338
zimm 2016  1  1  0 38 30.000000         7.179755     -6.641320
zimm 2016  1  1  0 39  0.000000         7.179755     -6.639319
zimm 2016  1  1  0 39 30.000000         7.179755     -6.618311
zimm 2016  1  1  0 40  0.000000         7.179755     -6.637174
zimm 2016  1  1  0 40 30.000000         7.179755     -6.645187
zimm 2016  1  1  0 41  0.000000         7.179755     -6.645477
zimm 2016  1  1  0 41 30.000000         7.179755     -6.644892
zimm 2016  1  1  0 42  0.000000         7.179755     -6.657037
zimm 2016  1  1  0 42 30.000000         7.179755     -6.642989
zimm 2016  1  1  0 43  0.000000         7.179755     -6.644953
zimm 2016  1  1  0 43 30.000000         7.179755     -6.680233
zimm 2016  1  1  0 44  0.000000         7.179755     -6.738387
zimm 2016  1  1  0 44 30.000000         7.179755     -6.813995
zimm 2016  1  1  0 45  0.000000         7.179755     -6.787597
zimm 2016  1  1  0 45 30.000000         7.179755     -6.764422
zimm 2016  1  1  0 46  0.000000         7.179755     -6.790626
zimm 2016  1  1  0 46 30.000000         7.179755     -6.834665
zimm 2016  1  1  0 47  0.000000         7.179755     -6.837284
zimm 2016  1  1  0 47 30.000000         7.179755     -6.897206
zimm 2016  1  1  0 48  0.000000         7.179755     -6.868350
zimm 2016  1  1  0 48 30.000000         7.179755     -6.913141
zimm 2016  1  1  0 49  0.000000         7.179755     -6.997425
zimm 2016  1  1  0 49 30.000000         7.179755     -7.036871
zimm 2016  1  1  0 50  0.000000         7.179755     -7.085042
zimm 2016  1  1  0 50 30.000000         7.179755     -7.112695
zimm 2016  1  1  0 51  0.000000         7.179755     -7.111232
zimm 2016  1  1  0 51 30.000000         7.179755     -7.116584
zimm 2016  1  1  0 52  0.000000         7.179755     -7.149880
zimm 2016  1  1  0 52 30.000000         7.179755     -7.189458
zimm 2016  1  1  0 53  0.000000         7.179755     -7.217344
zimm 2016  1  1  0 53 30.000000         7.179755     -7.213430
zimm 2016  1  1  0 54  0.000000         7.179755     -7.233587
zimm 2016  1  1  0 54 30.000000         7.179755     -7.219430
zimm 2016  1  1  0 55  0.000000         7.179755     -7.261708
zimm 2016  1  1  0 55 30.000000         7.179755     -7.297871
zimm 2016  1  1  0 56  0.000000         7.179755     -7.330133
zimm 2016  1  1  0 56 30.000000         7.179755     -7.364093
zimm 2016  1  1  0 57  0.000000         7.179755     -7.397388
zimm 2016  1  1  0 57 30.000000         7.179755     -7.477993
zimm 2016  1  1  0 58  0.000000         7.179755     -7.467368
zimm 2016  1  1  0 58 30.000000         7.179755     -7.477781
zimm 2016  1  1  0 59  0.000000         7.179755     -7.499954
zimm 2016  1  1  0 59 30.000000         7.179755     -7.483260
