ZIMM   2            -49.300850            -32.582021  57388.0000000000  57388.0489583333   0.0520   0.0273  18.9
ZIMM  12            -17.528845            -31.532378  57388.0000000000  57388.0430555556   0.0475   0.0302  17.9
ZIMM  25             -0.502225            -38.566043  57388.0000000000  57388.0298611111   0.0142   0.0162  60.9
ZIMM  26              0.423495            -33.642280  57388.0000000000  57388.2250000000   0.0273   0.0087  47.7
ZIMM  29             10.837836            -15.576521  57388.0000000000  57388.1631944444   0.0273   0.0096  50.2
ZIMM  31              8.986397             -8.579100  57388.0000000000  57388.0298611111   0.0235   0.0156  56.3
ZIMM  21             21.020747            -11.806741  57388.0065972222  57388.0298611111   0.0496   0.0393  18.2
ZIMM  14             21.415507             -6.858619  57388.0072916667  57388.0152777778   0.1070   0.1106  11.9
ZIMM   5              8.376487            -12.653272  57388.0232638889  57388.1145833333   0.0729   0.0269  12.5
ZIMM  21             21.020747            -11.618317  57388.0302083333  57388.2513888889   0.0333   0.0089  48.8
ZIMM  25             -0.502224            -38.454319  57388.0302083333  57388.1038194444   0.0406   0.0167  31.1
ZIMM  31              8.986397             -8.567374  57388.0302083333  57388.1388888889   0.0433   0.0132  37.9
ZIMM  20             25.781589            -12.635339  57388.0371527778  57388.1909722222   0.0405   0.0145  22.1
ZIMM  16             10.937021             -9.664690  57388.0409722222  57388.2736111111   0.0322   0.0090  42.8
ZIMM  27             10.307368            -26.583774  57388.0892361111  57388.1006944444   0.0742   0.0674   9.8
ZIMM  18            -16.338634            -27.501659  57388.0899305556  57388.2822916667   0.0412   0.0109  34.3
ZIMM  27             10.374977            -26.553045  57388.1010416667  57388.3486111111   0.0287   0.0085  49.1
ZIMM  10              2.770855            -27.585273  57388.1315972222  57388.3375000000   0.0392   0.0092  41.0
ZIMM   8             21.748098            -18.745034  57388.1461805556  57388.3850694444   0.0319   0.0085  46.4
ZIMM  22             -1.163452            -10.703589  57388.1565972222  57388.3850694444   0.0307   0.0091  43.1
ZIMM   7             20.290192             -6.645616  57388.1590277778  57388.2274305556   0.0764   0.0406  10.8
ZIMM  15             64.500404              9.126902  57388.2045138889  57388.2274305556   0.1156   0.0774   8.4
ZIMM  11             19.103187             -8.456826  57388.2138888889  57388.4663194444   0.0415   0.0091  46.5
ZIMM  14           -506.209394           -217.503125  57388.2350694444  57388.3975694444   0.0423   0.0144  26.1
ZIMM  32            -22.322747            -32.625198  57388.2392361111  57388.4968750000   0.0274   0.0085  46.9
ZIMM   1              4.126373            -30.536276  57388.2444444444  57388.4979166667   0.0282   0.0084  48.9
ZIMM  28            -10.023905            -19.566978  57388.2687500000  57388.3940972222   0.0559   0.0201  17.4
ZIMM   3            -11.379424            -33.743744  57388.2864583333  57388.5597222222   0.0294   0.0082  46.9
ZIMM  19              7.895374             -6.487737  57388.3267361111  57388.5097222222   0.0314   0.0120  33.1
ZIMM  17              1.580647            -14.589143  57388.3409722222  57388.5013888889   0.0346   0.0129  30.8
ZIMM  23            111.741228             19.519721  57388.3614583333  57388.6166666667   0.0354   0.0098  46.3
ZIMM  31             -3.477750            -48.541425  57388.3687500000  57388.4913194444   0.0620   0.0196  17.1
ZIMM   8             21.660388            -18.963042  57388.3854166667  57388.3927083333   0.0964   0.1142  11.3
ZIMM   9           -368.376419           -192.776193  57388.4131944444  57388.6815972222   0.0343   0.0078  46.9
ZIMM   6            -31.844431            -47.758677  57388.4173611111  57388.6291666667   0.0394   0.0100  37.2
ZIMM   2             25.913837             -4.586549  57388.4875000000  57388.6520833333   0.0388   0.0130  30.6
ZIMM   7             16.061537            -39.637351  57388.5000000000  57388.7284722222   0.0327   0.0096  44.4
ZIMM  17              1.532628            -14.638815  57388.5062500000  57388.5156250000   0.0880   0.1530   9.4
ZIMM  16             33.880884            -15.774425  57388.5277777778  57388.6038194444   0.0758   0.0346  12.6
ZIMM  30             23.897089            -41.609234  57388.5312500000  57388.7836805556   0.0466   0.0101  45.4
ZIMM   5             -2.023048            -28.636569  57388.5461805556  57388.7694444444   0.0347   0.0095  40.7
ZIMM  13             16.028478            -24.527516  57388.5961805556  57388.7236111111   0.0326   0.0123  40.9
ZIMM  28            -24.240307            -46.610068  57388.6243055556  57388.7284722222   0.0358   0.0141  38.8
ZIMM  20            -16.140264            -32.635679  57388.6329861111  57388.8131944444   0.0392   0.0115  31.0
ZIMM  15             -2.254478            -25.635492  57388.6645833333  57388.7284722222   0.0411   0.0204  24.7
ZIMM   8           -219.773791           -114.882108  57388.6888888889  57388.6996527778   0.1099   0.0812   7.5
ZIMM   8           -219.193129           -115.014834  57388.7000000000  57388.7111111111   0.0931   0.0987   7.5
ZIMM  13             16.028477            -24.545550  57388.7288194444  57388.8611111111   0.0307   0.0115  50.5
ZIMM  15             -2.254478            -25.583303  57388.7288194444  57388.7517361111   0.0212   0.0205  50.8
ZIMM  17             -0.204670            -20.617826  57388.7340277778  57388.9010416667   0.0389   0.0129  26.5
ZIMM  18             15.102759            -12.529773  57388.7354166667  57388.8642361111   0.0486   0.0201  19.9
ZIMM  19              3.828820            -14.493571  57388.7354166667  57388.8805555556   0.0426   0.0140  23.4
ZIMM  24             -7.808791            -38.613722  57388.7354166667  57388.9868055556   0.0355   0.0079  49.5
ZIMM  28            -24.240309            -46.562972  57388.7354166667  57388.7517361111   0.0179   0.0194  58.2
ZIMM  15             -2.254477            -25.615250  57388.7520833333  57388.8989583333   0.0246   0.0102  51.3
ZIMM  28            -24.240309            -46.553033  57388.7520833333  57388.8291666667   0.0307   0.0154  35.0
ZIMM  12            212.280946             66.462033  57388.7673611111  57388.9993055556   0.0263   0.0075  50.9
ZIMM  10            -12.741070            -32.658449  57388.7753472222  57388.8822916667   0.0628   0.0270  14.6
ZIMM  22            -24.460752            -17.585667  57388.8190972222  57388.8260416667   0.0747   0.1422   7.9
ZIMM  22            -24.581037            -17.839748  57388.8263888889  57388.8791666667   0.1258   0.0546   9.6
ZIMM  25             24.995399            -22.987883  57388.8336805556  57388.8420138889   0.0994   0.0986  12.5
ZIMM  14              9.217830            -11.550925  57388.8409722222  57388.9993055556   0.0426   0.0131  31.2
ZIMM  25             25.054240            -22.623435  57388.8423611111  57388.9993055556   0.0267   0.0131  54.4
ZIMM   6             23.665661            -21.739905  57388.8618055556  57388.9833333333   0.0613   0.0220  16.8
ZIMM   2             15.830110             -2.604359  57388.8788194444  57388.9993055556   0.0415   0.0153  26.6
ZIMM  29            -12.338203            -23.645011  57388.8958333333  57388.9993055556   0.0413   0.0128  41.4
ZIMM  31             45.816799              9.419560  57388.9208333333  57388.9993055556   0.0407   0.0187  29.6
ZIMM  26              8.870711            -25.933581  57388.9861111111  57388.9993055556   0.0613   0.0413  10.4
