Receiver Clock                                              COMMENT
    30.00                                                   INTERVAL
                                                            END OF HEADER
algo 2016  1  1  0  0  0.000000    -49577.122740      3.017150
algo 2016  1  1  0  0 30.000000    -49577.122740      3.022884
algo 2016  1  1  0  1  0.000000    -49577.122740      3.054124
algo 2016  1  1  0  1 30.000000    -49577.122740      3.058213
algo 2016  1  1  0  2  0.000000    -49577.122740      2.943358
algo 2016  1  1  0  2 30.000000    -49577.122740      2.939907
algo 2016  1  1  0  3  0.000000    -49577.122740      3.004963
algo 2016  1  1  0  3 30.000000    -49577.122740      3.013786
algo 2016  1  1  0  4  0.000000    -49577.122740      3.051426
algo 2016  1  1  0  4 30.000000    -49577.122740      3.074800
algo 2016  1  1  0  5  0.000000    -49577.122740      3.058924
algo 2016  1  1  0  5 30.000000    -49577.122740      3.054483
algo 2016  1  1  0  6  0.000000    -49577.122740      3.037944
algo 2016  1  1  0  6 30.000000    -49577.122740      3.028345
algo 2016  1  1  0  7  0.000000    -49577.122740      3.040981
algo 2016  1  1  0  7 30.000000    -49577.122740      3.031557
algo 2016  1  1  0  8  0.000000    -49577.122740      2.915382
algo 2016  1  1  0  8 30.000000    -49577.122740      2.961473
algo 2016  1  1  0  9  0.000000    -49577.122740      3.045479
algo 2016  1  1  0  9 30.000000    -49577.122740      3.042351
algo 2016  1  1  0 10  0.000000    -49577.122740      3.063839
algo 2016  1  1  0 10 30.000000    -49577.122740      3.080569
algo 2016  1  1  0 11  0.000000    -49577.122740      3.100261
algo 2016  1  1  0 11 30.000000    -49577.122740      3.116121
algo 2016  1  1  0 12  0.000000    -49577.122740      3.117506
algo 2016  1  1  0 12 30.000000    -49577.122740      3.024471
algo 2016  1  1  0 13  0.000000    -49577.122740      3.098256
algo 2016  1  1  0 13 30.000000    -49577.122740      3.124591
algo 2016  1  1  0 14  0.000000    -49577.122740      3.003542
algo 2016  1  1  0 14 30.000000    -49577.122740      3.126310
algo 2016  1  1  0 15  0.000000    -49577.122740      3.141776
algo 2016  1  1  0 15 30.000000    -49577.122740      3.116185
algo 2016  1  1  0 16  0.000000    -49577.122740      3.119810
algo 2016  1  1  0 16 30.000000    -49577.122740      3.132676
algo 2016  1  1  0 17  0.000000    -49577.122740      3.150388
algo 2016  1  1  0 17 30.000000    -49577.122740      3.147733
algo 2016  1  1  0 18  0.000000    -49577.122740      3.149162
algo 2016  1  1  0 18 30.000000    -49577.122740      3.151601
algo 2016  1  1  0 19  0.000000    -49577.122740      3.166450
algo 2016  1  1  0 19 30.000000    -49577.122740      3.156351
algo 2016  1  1  0 20  0.000000    -49577.122740      3.154049
algo 2016  1  1  0 20 30.000000    -49577.122740      3.172321
algo 2016  1  1  0 21  0.000000    -49577.122740      3.184944
algo 2016  1  1  0 21 30.000000    -49577.122740      3.178820
algo 2016  1  1  0 22  0.000000    -49577.122740      3.198603
algo 2016  1  1  0 22 30.000000    -49577.122740      3.210745
algo 2016  1  1  0 23  0.000000    -49577.122740      3.201874
algo 2016  1  1  0 23 30.000000    -49577.122740      3.220302
algo 2016  1  1  0 24  0.000000    -49577.122740      3.221336
algo 2016  1  1  0 24 30.000000    -49577.122740      3.243699
algo 2016  1  1  0 25  0.000000    -49577.122740      3.229652
algo 2016  1  1  0 25 30.000000    -49577.122740      3.233358
algo 2016  1  1  0 26  0.000000    -49577.122740      3.237335
algo 2016  1  1  0 26 30.000000    -49577.122740      3.228950
algo 2016  1  1  0 27  0.000000    -49577.122740      3.239968
algo 2016  1  1  0 27 30.000000    -49577.122740      3.232055
algo 2016  1  1  0 28  0.000000    -49577.122740      3.249255
algo 2016  1  1  0 28 30.000000    -49577.122740      3.250861
algo 2016  1  1  0 29  0.000000    -49577.122740      3.262900
algo 2016  1  1  0 29 30.000000    -49577.122740      3.275101
algo 2016  1  1  0 30  0.000000    -49577.122740      3.265210
algo 2016  1  1  0 30 30.000000    -49577.122740      3.259881
algo 2016  1  1  0 31  0.000000    -49577.122740      3.255950
algo 2016  1  1  0 31 30.000000    -49577.122740      3.266955
algo 2016  1  1  0 32  0.000000    -49577.122740      3.287039
algo 2016  1  1  0 32 30.000000    -49577.122740      3.275420
algo 2016  1  1  0 33  0.000000    -49577.122740      3.313052
algo 2016  1  1  0 33 30.000000    -49577.122740      3.327053
algo 2016  1  1  0 34  0.000000    -49577.122740      3.333209
algo 2016  1  1  0 34 30.000000    -49577.122740      3.318428
algo 2016  1  1  0 35  0.000000    -49577.122740      3.328429
algo 2016  1  1  0 35 30.000000    -49577.122740      3.334931
algo 2016  1  1  0 36  0.000000    -49577.122740      3.325270
algo 2016  1  1  0 36 30.000000    -49577.122740      3.321752
algo 2016  1  1  0 37  0.000000    -49577.122740      3.331912
algo 2016  1  1  0 37 30.000000    -49577.122740      3.330937
algo 2016  1  1  0 38  0.000000    -49577.122740      3.340189
algo 2016  1  1  0 38 30.000000    -49577.122740      3.339776
algo 2016  1  1  0 39  0.000000    -49577.122740      3.345778
algo 2016  1  1  0 39 30.000000    -49577.122740      3.342635
algo 2016  1  1  0 40  0.000000    -49577.122740      3.331460
algo 2016  1  1  0 40 30.000000    -49577.122740      3.346059
algo 2016  1  1  0 41  0.000000    -49577.122740      3.358575
algo 2016  1  1  0 41 30.000000    -49577.122740      3.370852
algo 2016  1  1  0 42  0.000000    -49577.122740      3.365682
algo 2016  1  1  0 42 30.000000    -49577.122740      3.371414
algo 2016  1  1  0 43  0.000000    -49577.122740      3.379196
algo 2016  1  1  0 43 30.000000    -49577.122740      3.388084
algo 2016  1  1  0 44  0.000000    -49577.122740      3.333463
algo 2016  1  1  0 44 30.000000    -49577.122740      3.237882
algo 2016  1  1  0 45  0.000000    -49577.122740      3.268508
algo 2016  1  1  0 45 30.000000    -49577.122740      3.292866
algo 2016  1  1  0 46  0.000000    -49577.122740      3.279623
algo 2016  1  1  0 46 30.000000    -49577.122740      3.302851
algo 2016  1  1  0 47  0.000000    -49577.122740      3.292888
algo 2016  1  1  0 47 30.000000    -49577.122740      3.228305
algo 2016  1  1  0 48  0.000000    -49577.122740      3.256094
algo 2016  1  1  0 48 30.000000    -49577.122740      3.266182
algo 2016  1  1  0 49  0.000000    -49577.122740      3.244763
algo 2016  1  1  0 49 30.000000    -49577.122740      3.244500
algo 2016  1  1  0 50  0.000000    -49577.122740      3.240167
algo 2016  1  1  0 50 30.000000    -49577.122740      3.216548
algo 2016  1  1  0 51  0.000000    -49577.122740      3.228421
algo 2016  1  1  0 51 30.000000    -49577.122740      3.232033
algo 2016  1  1  0 52  0.000000    -49577.122740      3.226222
algo 2016  1  1  0 52 30.000000    -49577.122740      3.229666
algo 2016  1  1  0 53  0.000000    -49577.122740      3.244596
algo 2016  1  1  0 53 30.000000    -49577.122740      3.266627
algo 2016  1  1  0 54  0.000000    -49577.122740      3.277965
algo 2016  1  1  0 54 30.000000    -49577.122740      3.289727
algo 2016  1  1  0 55  0.000000    -49577.122740      3.282086
algo 2016  1  1  0 55 30.000000    -49577.122740      3.284036
algo 2016  1  1  0 56  0.000000    -49577.122740      3.282469
algo 2016  1  1  0 56 30.000000    -49577.122740      3.299420
algo 2016  1  1  0 57  0.000000    -49577.122740      3.296860
algo 2016  1  1  0 57 30.000000    -49577.122740      3.281258
algo 2016  1  1  0 58  0.000000    -49577.122740      3.288578
algo 2016  1  1  0 58 30.000000    -49577.122740      3.274621
algo 2016  1  1  0 59  0.000000    -49577.122740      3.256919
algo 2016  1  1  0 59 30.000000    -49577.122740      3.240950
