Receiver Clock                                              COMMENT
    30.00                                                   INTERVAL
                                                            END OF HEADER
zimm 2016  1  1  0  0  0.000000         7.180248     -6.869654
zimm 2016  1  1  0  0 30.000000         7.180248     -6.808392
zimm 2016  1  1  0  1  0.000000         7.180248     -6.701600
zimm 2016  1  1  0  1 30.000000         7.180248     -6.682865
zimm 2016  1  1  0  2  0.000000         7.180248     -6.779167
zimm 2016  1  1  0  2 30.000000         7.180248     -6.727458
zimm 2016  1  1  0  3  0.000000         7.180248     -6.648549
zimm 2016  1  1  0  3 30.000000         7.180248     -6.583832
zimm 2016  1  1  0  4  0.000000         7.180248     -6.555485
zimm 2016  1  1  0  4 30.000000         7.180248     -6.505478
zimm 2016  1  1  0  5  0.000000         7.180248     -6.494030
zimm 2016  1  1  0  5 30.000000         7.180248     -6.481795
zimm 2016  1  1  0  6  0.000000         7.180248     -6.515236
zimm 2016  1  1  0  6 30.000000         7.180248     -6.484486
zimm 2016  1  1  0  7  0.000000         7.180248     -6.426815
zimm 2016  1  1  0  7 30.000000         7.180248     -6.454466
zimm 2016  1  1  0  8  0.000000         7.180248     -6.575143
zimm 2016  1  1  0  8 30.000000         7.180248     -6.533206
zimm 2016  1  1  0  9  0.000000         7.180248     -6.471572
zimm 2016  1  1  0  9 30.000000         7.180248     -6.481425
zimm 2016  1  1  0 10  0.000000         7.180248     -6.478814
zimm 2016  1  1  0 10 30.000000         7.180248     -6.477383
zimm 2016  1  1  0 11  0.000000         7.180248     -6.455109
zimm 2016  1  1  0 11 30.000000         7.180248     -6.435151
zimm 2016  1  1  0 12  0.000000         7.180248     -6.464728
zimm 2016  1  1  0 12 30.000000         7.180248     -6.601721
zimm 2016  1  1  0 13  0.000000         7.180248     -6.567444
zimm 2016  1  1  0 13 30.000000         7.180248     -6.556693
zimm 2016  1  1  0 14  0.000000         7.180248     -6.674348
zimm 2016  1  1  0 14 30.000000         7.180248     -6.526068
zimm 2016  1  1  0 15  0.000000         7.180248     -6.508211
zimm 2016  1  1  0 15 30.000000         7.180248     -6.555064
zimm 2016  1  1  0 16  0.000000         7.180248     -6.582795
zimm 2016  1  1  0 16 30.000000         7.180248     -6.619602
zimm 2016  1  1  0 17  0.000000         7.180248     -6.591826
zimm 2016  1  1  0 17 30.000000         7.180248     -6.664222
zimm 2016  1  1  0 18  0.000000         7.180248     -6.658568
zimm 2016  1  1  0 18 30.000000         7.180248     -6.699577
zimm 2016  1  1  0 19  0.000000         7.180248     -6.663980
zimm 2016  1  1  0 19 30.000000         7.180248     -6.690556
zimm 2016  1  1  0 20  0.000000         7.180248     -6.714003
zimm 2016  1  1  0 20 30.000000         7.180248     -6.724935
zimm 2016  1  1  0 21  0.000000         7.180248     -6.760989
zimm 2016  1  1  0 21 30.000000         7.180248     -6.789996
zimm 2016  1  1  0 22  0.000000         7.180248     -6.760208
zimm 2016  1  1  0 22 30.000000         7.180248     -6.793479
zimm 2016  1  1  0 23  0.000000         7.180248     -6.789522
zimm 2016  1  1  0 23 30.000000         7.180248     -6.821299
zimm 2016  1  1  0 24  0.000000         7.180248     -6.821015
zimm 2016  1  1  0 24 30.000000         7.180248     -6.810770
zimm 2016  1  1  0 25  0.000000         7.180248     -6.837251
zimm 2016  1  1  0 25 30.000000         7.180248     -6.812841
zimm 2016  1  1  0 26  0.000000         7.180248     -6.821595
zimm 2016  1  1  0 26 30.000000         7.180248     -6.821769
zimm 2016  1  1  0 27  0.000000         7.180248     -6.786483
zimm 2016  1  1  0 27 30.000000         7.180248     -6.805033
zimm 2016  1  1  0 28  0.000000         7.180248     -6.792799
zimm 2016  1  1  0 28 30.000000         7.180248     -6.801722
zimm 2016  1  1  0 29  0.000000         7.180248     -6.794172
zimm 2016  1  1  0 29 30.000000         7.180248     -6.792479
zimm 2016  1  1  0 30  0.000000         7.180248     -6.788037
zimm 2016  1  1  0 30 30.000000         7.180248     -6.851147
zimm 2016  1  1  0 31  0.000000         7.180248     -6.869871
zimm 2016  1  1  0 31 30.000000         7.180248     -6.853299
zimm 2016  1  1  0 32  0.000000         7.180248     -6.842403
zimm 2016  1  1  0 32 30.000000         7.180248     -6.820245
zimm 2016  1  1  0 33  0.000000         7.180248     -6.779695
zimm 2016  1  1  0 33 30.000000         7.180248     -6.788254
zimm 2016  1  1  0 34  0.000000         7.180248     -6.799497
zimm 2016  1  1  0 34 30.000000         7.180248     -6.837682
zimm 2016  1  1  0 35  0.000000         7.180248     -6.830382
zimm 2016  1  1  0 35 30.000000         7.180248     -6.845458
zimm 2016  1  1  0 36  0.000000         7.180248     -6.839014
zimm 2016  1  1  0 36 30.000000         7.180248     -6.812726
zimm 2016  1  1  0 37  0.000000         7.180248     -6.764997
zimm 2016  1  1  0 37 30.000000         7.180248     -6.728820
zimm 2016  1  1  0 38  0.000000         7.180248     -6.698911
zimm 2016  1  1  0 38 30.000000         7.180248     -6.636827
zimm 2016  1  1  0 39  0.000000         7.180248     -6.634761
zimm 2016  1  1  0 39 30.000000         7.180248     -6.613687
zimm 2016  1  1  0 40  0.000000         7.180248     -6.632482
zimm 2016  1  1  0 40 30.000000         7.180248     -6.640428
zimm 2016  1  1  0 41  0.000000         7.180248     -6.640649
zimm 2016  1  1  0 41 30.000000         7.180248     -6.639996
zimm 2016  1  1  0 42  0.000000         7.180248     -6.652069
zimm 2016  1  1  0 42 30.000000         7.180248     -6.637952
zimm 2016  1  1  0 43  0.000000         7.180248     -6.639845
zimm 2016  1  1  0 43 30.000000         7.180248     -6.675053
zimm 2016  1  1  0 44  0.000000         7.180248     -6.733132
zimm 2016  1  1  0 44 30.000000         7.180248     -6.808667
zimm 2016  1  1  0 45  0.000000         7.180248     -6.782192
zimm 2016  1  1  0 45 30.000000         7.180248     -6.758941
zimm 2016  1  1  0 46  0.000000         7.180248     -6.785067
zimm 2016  1  1  0 46 30.000000         7.180248     -6.829027
zimm 2016  1  1  0 47  0.000000         7.180248     -6.831570
zimm 2016  1  1  0 47 30.000000         7.180248     -6.891414
zimm 2016  1  1  0 48  0.000000         7.180248     -6.862481
zimm 2016  1  1  0 48 30.000000         7.180248     -6.907191
zimm 2016  1  1  0 49  0.000000         7.180248     -6.991395
zimm 2016  1  1  0 49 30.000000         7.180248     -7.030758
zimm 2016  1  1  0 50  0.000000         7.180248     -7.078845
zimm 2016  1  1  0 50 30.000000         7.180248     -7.106412
zimm 2016  1  1  0 51  0.000000         7.180248     -7.104861
zimm 2016  1  1  0 51 30.000000         7.180248     -7.110123
zimm 2016  1  1  0 52  0.000000         7.180248     -7.143329
zimm 2016  1  1  0 52 30.000000         7.180248     -7.182815
zimm 2016  1  1  0 53  0.000000         7.180248     -7.210605
zimm 2016  1  1  0 53 30.000000         7.180248     -7.206591
zimm 2016  1  1  0 54  0.000000         7.180248     -7.226648
zimm 2016  1  1  0 54 30.000000         7.180248     -7.212388
zimm 2016  1  1  0 55  0.000000         7.180248     -7.254561
zimm 2016  1  1  0 55 30.000000         7.180248     -7.290616
zimm 2016  1  1  0 56  0.000000         7.180248     -7.322770
zimm 2016  1  1  0 56 30.000000         7.180248     -7.356618
zimm 2016  1  1  0 57  0.000000         7.180248     -7.389798
zimm 2016  1  1  0 57 30.000000         7.180248     -7.470286
zimm 2016  1  1  0 58  0.000000         7.180248     -7.459543
zimm 2016  1  1  0 58 30.000000         7.180248     -7.469834
zimm 2016  1  1  0 59  0.000000         7.180248     -7.491883
zimm 2016  1  1  0 59 30.000000         7.180248     -7.475062
