algo   3             26.825728              5.855180  57388.0000000000  57388.0788194444   0.0274   0.0192  26.2
algo  14             84.267652             13.877722  57388.0000000000  57388.0180555556   0.0416   0.0700  12.2
algo  16             63.416549              9.943960  57388.0000000000  57388.2069444444   0.0191   0.0086  51.3
algo  23            -34.527176             -0.163079  57388.0000000000  57388.1864583333   0.0200   0.0093  43.8
algo  26             64.396579              1.893329  57388.0000000000  57388.1555555556   0.0194   0.0115  48.6
algo  29            -18.029611             -3.026685  57388.0000000000  57388.0690972222   0.0361   0.0296  18.5
algo  31             33.186099              2.985723  57388.0000000000  57388.0986111111   0.0227   0.0152  31.6
algo  32             11.550007             -0.096389  57388.0000000000  57388.0548611111   0.0334   0.0302  22.4
algo   9             -4.837713             -6.109994  57388.0267361111  57388.2229166667   0.0246   0.0108  34.0
algo  27             -9.662629             -9.127735  57388.0361111111  57388.2572916667   0.0263   0.0103  40.2
algo   8             36.705070              6.903584  57388.0690972222  57388.3135416667   0.0228   0.0095  43.8
algo   7             -8.336203              2.896288  57388.0739583333  57388.3184027778   0.0232   0.0083  43.8
algo  21            -16.023672              2.058567  57388.0909722222  57388.1618055556   0.0693   0.0362  10.1
algo  30              5.637104             -1.108603  57388.1302083333  57388.3583333333   0.0228   0.0095  40.3
algo  11             17.062813             10.878589  57388.1517361111  57388.3750000000   0.0244   0.0106  39.6
algo  28             -2.127288              4.900157  57388.1756944444  57388.4472222222   0.0287   0.0082  46.7
algo   1             18.641294              2.947750  57388.1885416667  57388.4020833333   0.0306   0.0102  37.7
algo  13            -13.678741              3.892092  57388.2038194444  57388.3069444444   0.0465   0.0286  15.1
algo  19            -17.403922             -1.058636  57388.2149305556  57388.4934027778   0.0296   0.0071  45.4
algo  17             -1.620177              2.958213  57388.2284722222  57388.5145833333   0.0305   0.0073  45.9
algo  32            -11.821916             -1.039796  57388.2822916667  57388.4003472222   0.0410   0.0260  16.1
algo   3            -12.677015             -6.064845  57388.2916666667  57388.4565972222   0.0321   0.0143  24.7
algo   6             21.415143              2.914326  57388.3156250000  57388.5892361111   0.0179   0.0076  46.3
algo  24             19.504594              7.927809  57388.3246527778  57388.4465277778   0.0625   0.0263  16.6
algo   2            -16.476825              3.959204  57388.3725694444  57388.6597222222   0.0232   0.0070  46.6
algo  12            -12.508088              5.895421  57388.3788194444  57388.5722222222   0.0362   0.0114  32.6
algo  23            -27.430000              6.916910  57388.4284722222  57388.5267361111   0.0439   0.0313  13.1
algo  25             24.597582              7.921258  57388.4392361111  57388.5635416667   0.0427   0.0209  26.3
algo   9             -3.107354             -0.091507  57388.4423611111  57388.5829861111   0.0317   0.0187  19.9
algo   5            -16.782180              2.921949  57388.4510416667  57388.7149305556   0.0204   0.0072  46.3
algo  29             -7.194690              6.943619  57388.5031250000  57388.7149305556   0.0310   0.0099  36.8
algo  20             -3.295137              4.937962  57388.5229166667  57388.8027777778   0.0274   0.0079  46.2
algo  13             11.893596              4.824421  57388.5461805556  57388.7638888889   0.0238   0.0104  39.4
algo  15             12.676853              1.899418  57388.5798611111  57388.8302083333   0.0207   0.0087  44.8
algo  21              0.704841              8.904753  57388.5909722222  57388.8326388889   0.0214   0.0109  41.3
algo  26              4.825400             -2.020069  57388.5923611111  57388.6229166667   0.0776   0.0538   7.8
algo   7              4.300666              0.082524  57388.5930555556  57388.6423611111   0.0965   0.0477   8.8
algo  30             77.259601             14.898768  57388.6045138889  57388.6934027778   0.0514   0.0330  12.5
algo  18             -1.969215             -0.096195  57388.6447916667  57388.9010416667   0.0195   0.0083  50.1
algo  24             28.024735             -5.124696  57388.6767361111  57388.8871527778   0.0390   0.0101  36.5
algo  10             57.827614             11.867817  57388.6868055556  57388.9458333333   0.0269   0.0084  46.0
algo  27             34.417296              4.992163  57388.6930555556  57388.7892361111   0.0471   0.0289  14.1
algo  22             10.526819              5.907821  57388.7260416667  57388.9753472222   0.0318   0.0088  43.4
algo  14             34.919521              2.850792  57388.7302083333  57388.9993055556   0.0291   0.0091  48.1
algo   8             43.433838              5.036829  57388.7486111111  57388.7916666667   0.0728   0.0442   8.6
algo  12             55.058586             15.870909  57388.7899305556  57388.9409722222   0.0322   0.0158  22.7
algo  25             63.560473              2.841770  57388.8135416667  57388.9993055556   0.0358   0.0122  30.9
algo  11              3.102564             -2.084831  57388.8197916667  57388.8930555556   0.0438   0.0352  10.4
algo  31             25.953528              2.881385  57388.8208333333  57388.8302083333   0.0477   0.0709   9.9
algo  31              3.136270             -0.073876  57388.8305555556  57388.9993055556   0.0138   0.0077  56.8
algo   1             46.993924              1.958129  57388.8364583333  57388.9520833333   0.0537   0.0261  16.0
algo  32             27.009294             -0.999865  57388.8364583333  57388.9993055556   0.0248   0.0108  41.3
algo   3             48.809187              9.898116  57388.8930555556  57388.9993055556   0.0316   0.0170  31.0
algo  26              7.695471            -13.190374  57388.9086805556  57388.9993055556   0.0242   0.0156  38.7
algo  29            -34.990729             -9.050656  57388.9423611111  57388.9993055556   0.0344   0.0315  16.7
algo  16             46.453561             18.859024  57388.9506944444  57388.9993055556   0.0244   0.0254  24.7
algo  23             10.600634             11.851600  57388.9583333333  57388.9993055556   0.0416   0.0363  17.9
