ALGO   3             26.820591              5.850228  57388.0000000000  57388.0788194444   0.0296   0.0192  26.2
ALGO  14             83.674259             13.883635  57388.0000000000  57388.0180555556   0.0459   0.0700  12.2
ALGO  16             63.419561              9.949423  57388.0000000000  57388.2069444444   0.0228   0.0086  51.3
ALGO  23            -34.541365             -0.166802  57388.0000000000  57388.1864583333   0.0213   0.0093  43.8
ALGO  26             64.411403              1.889605  57388.0000000000  57388.1555555556   0.0194   0.0115  48.6
ALGO  29            -18.010667             -3.019647  57388.0000000000  57388.0690972222   0.0403   0.0296  18.5
ALGO  31             33.234503              2.989958  57388.0000000000  57388.0986111111   0.0245   0.0152  31.6
ALGO  32             11.546225             -0.100113  57388.0000000000  57388.0548611111   0.0360   0.0302  22.4
ALGO   9             -4.852228             -6.113717  57388.0267361111  57388.2229166667   0.0261   0.0108  34.0
ALGO  27             -9.679192             -9.131459  57388.0361111111  57388.2572916667   0.0307   0.0103  40.2
ALGO   8             36.672891              6.899861  57388.0690972222  57388.3135416667   0.0249   0.0095  43.8
ALGO   7             -8.356736              2.901751  57388.0739583333  57388.3184027778   0.0241   0.0083  43.8
ALGO  21            -15.997582              2.053616  57388.0909722222  57388.1618055556   0.0688   0.0362  10.1
ALGO  30              5.628235             -1.112327  57388.1302083333  57388.3583333333   0.0228   0.0095  40.3
ALGO  11             17.365031             11.879021  57388.1517361111  57388.3750000000   0.0269   0.0106  39.6
ALGO  28             -1.843641              5.899014  57388.1756944444  57388.4472222222   0.0275   0.0082  46.7
ALGO   1             18.621367              2.953560  57388.1885416667  57388.4020833333   0.0318   0.0102  37.7
ALGO  13            -13.679623              3.888368  57388.2038194444  57388.3069444444   0.0480   0.0286  15.1
ALGO  19            -17.415561             -1.053173  57388.2149305556  57388.4934027778   0.0283   0.0071  45.4
ALGO  17             -1.612213              2.965251  57388.2284722222  57388.5145833333   0.0341   0.0073  45.9
ALGO  32            -11.795124             -1.043520  57388.2822916667  57388.4003472222   0.0484   0.0260  16.1
ALGO   3            -12.720840             -6.069796  57388.2916666667  57388.4565972222   0.0369   0.0143  24.7
ALGO   6             21.431583              2.919788  57388.3156250000  57388.5892361111   0.0180   0.0076  46.3
ALGO  24             19.547083              7.922857  57388.3246527778  57388.4465277778   0.0759   0.0263  16.6
ALGO   2            -16.489839              3.966242  57388.3725694444  57388.6597222222   0.0237   0.0070  46.6
ALGO  12            -12.522472              5.902459  57388.3788194444  57388.5722222222   0.0359   0.0114  32.6
ALGO  23            -27.394538              6.913186  57388.4284722222  57388.5267361111   0.0437   0.0313  13.1
ALGO  25             24.605477              7.917535  57388.4392361111  57388.5635416667   0.0452   0.0209  26.3
ALGO   9             -3.066915             -0.095231  57388.4423611111  57388.5829861111   0.0327   0.0187  19.9
ALGO   5            -16.787394              2.918225  57388.4510416667  57388.7149305556   0.0200   0.0072  46.3
ALGO  29             -7.166528              6.950657  57388.5031250000  57388.7149305556   0.0327   0.0099  36.8
ALGO  20             -3.265283              4.933011  57388.5229166667  57388.8027777778   0.0305   0.0079  46.2
ALGO  13             11.909900              4.820697  57388.5461805556  57388.7638888889   0.0250   0.0104  39.4
ALGO  15             12.703373              1.905229  57388.5798611111  57388.8302083333   0.0224   0.0087  44.8
ALGO  21              0.735146              8.899802  57388.5909722222  57388.8326388889   0.0217   0.0109  41.3
ALGO  26              4.856794             -2.023793  57388.5923611111  57388.6229166667   0.0766   0.0538   7.8
ALGO   7              4.277965              0.087987  57388.5930555556  57388.6423611111   0.0968   0.0477   8.8
ALGO  30             77.240185             14.895044  57388.6045138889  57388.6934027778   0.0520   0.0330  12.5
ALGO  18             -1.942827             -0.089156  57388.6447916667  57388.9010416667   0.0193   0.0083  50.1
ALGO  24             28.043863             -5.129647  57388.6767361111  57388.8871527778   0.0417   0.0101  36.5
ALGO  10             57.832185             11.864093  57388.6868055556  57388.9458333333   0.0262   0.0084  46.0
ALGO  27             34.414063              4.988439  57388.6930555556  57388.7892361111   0.0468   0.0289  14.1
ALGO  22             10.521322              5.904097  57388.7260416667  57388.9753472222   0.0320   0.0088  43.4
ALGO  14             34.358592              2.856705  57388.7302083333  57388.9993055556   0.0288   0.0091  48.1
ALGO   8             43.428211              5.033105  57388.7486111111  57388.7916666667   0.0735   0.0442   8.6
ALGO  12             55.088087             15.877947  57388.7899305556  57388.9409722222   0.0329   0.0158  22.7
ALGO  25             63.584867              2.838046  57388.8135416667  57388.9993055556   0.0356   0.0122  30.9
ALGO  11              3.384777             -1.084398  57388.8197916667  57388.8930555556   0.0441   0.0352  10.4
ALGO  31             25.959138              2.885620  57388.8208333333  57388.8302083333   0.0487   0.0709   9.9
ALGO  31              3.115569             -0.069641  57388.8305555556  57388.9993055556   0.0143   0.0077  56.8
ALGO   1             46.988046              1.963939  57388.8364583333  57388.9520833333   0.0540   0.0261  16.0
ALGO  32             26.985900             -1.003589  57388.8364583333  57388.9993055556   0.0251   0.0108  41.3
ALGO   3             48.806423              9.893165  57388.8930555556  57388.9993055556   0.0321   0.0170  31.0
ALGO  26              7.678042            -13.194097  57388.9086805556  57388.9993055556   0.0291   0.0156  38.7
ALGO  29            -34.971165             -9.043618  57388.9423611111  57388.9993055556   0.0345   0.0315  16.7
ALGO  16             46.426003             18.864487  57388.9506944444  57388.9993055556   0.0276   0.0254  24.7
ALGO  23             10.620505             11.847876  57388.9583333333  57388.9993055556   0.0414   0.0363  17.9
