ZIMM   2            -49.299453            -32.573994  57388.0000000000  57388.0493055556   0.0400   0.0272  18.8
ZIMM  12            -17.527448            -31.525340  57388.0000000000  57388.0430555556   0.0386   0.0302  17.9
ZIMM  14             20.722122             -6.611274  57388.0000000000  57388.0072916667   0.0327   0.0964  16.0
ZIMM  25             -0.500827            -38.494404  57388.0000000000  57388.1038194444   0.0287   0.0130  39.7
ZIMM  26              0.424892            -33.647161  57388.0000000000  57388.2333333333   0.0279   0.0094  46.3
ZIMM  29             10.839233            -15.569483  57388.0000000000  57388.1631944444   0.0238   0.0096  50.2
ZIMM  31              8.987795             -8.565980  57388.0000000000  57388.1388888889   0.0344   0.0108  41.9
ZIMM  14             20.827227             -6.685148  57388.0076388889  57388.0208333333   0.0896   0.0870  10.5
ZIMM  21             21.022144            -11.635011  57388.0076388889  57388.2513888889   0.0259   0.0089  46.0
ZIMM   5              8.367051            -12.657523  57388.0232638889  57388.1149305556   0.0608   0.0269  12.5
ZIMM  20             25.782986            -12.640290  57388.0371527778  57388.1909722222   0.0329   0.0145  22.1
ZIMM  16             10.938418             -9.659556  57388.0420138889  57388.2736111111   0.0286   0.0090  42.9
ZIMM  27             10.376374            -26.556319  57388.0892361111  57388.3524305556   0.0291   0.0085  46.8
ZIMM  18            -16.337237            -27.495312  57388.0899305556  57388.2826388889   0.0384   0.0110  34.3
ZIMM  10              2.772252            -27.589392  57388.1305555556  57388.3375000000   0.0315   0.0093  40.9
ZIMM   8             21.749496            -18.754130  57388.1461805556  57388.3954861111   0.0275   0.0088  44.9
ZIMM  22             -1.162055            -10.709042  57388.1510416667  57388.3850694444   0.0285   0.0095  42.4
ZIMM   7             20.263133             -6.640505  57388.1569444444  57388.2274305556   0.0644   0.0406  10.7
ZIMM  15             64.476462              9.155054  57388.2045138889  57388.2284722222   0.0998   0.0766   8.4
ZIMM  11             19.402137             -7.454241  57388.2138888889  57388.4711805556   0.0349   0.0092  45.8
ZIMM  14           -506.770041           -217.497212  57388.2350694444  57388.3975694444   0.0324   0.0144  26.1
ZIMM   1              4.127770            -30.532688  57388.2378472222  57388.4979166667   0.0272   0.0085  48.0
ZIMM  32            -22.321350            -32.628921  57388.2392361111  57388.4968750000   0.0223   0.0085  46.9
ZIMM  28             -9.724956            -18.568121  57388.2687500000  57388.3940972222   0.0464   0.0201  17.4
ZIMM   3            -11.378027            -33.749236  57388.2857638889  57388.5597222222   0.0232   0.0083  46.9
ZIMM  19              7.896769             -6.482162  57388.3222222222  57388.5055555556   0.0331   0.0122  33.0
ZIMM  17              1.582042            -14.580487  57388.3392361111  57388.5013888889   0.0299   0.0134  30.6
ZIMM  23            111.742625             19.516038  57388.3614583333  57388.6170138889   0.0251   0.0098  46.2
ZIMM  31             -3.476353            -48.536195  57388.3687500000  57388.4916666667   0.0455   0.0196  17.0
ZIMM   9           -368.375022           -192.780167  57388.4111111111  57388.6815972222   0.0260   0.0078  46.7
ZIMM   6            -31.843035            -47.750348  57388.4170138889  57388.6281250000   0.0274   0.0095  37.3
ZIMM   2             25.915230             -4.585577  57388.4875000000  57388.6611111111   0.0310   0.0133  29.8
ZIMM   7             16.062934            -39.633337  57388.4909722222  57388.7288194444   0.0292   0.0097  43.1
ZIMM  17              1.567098            -14.681555  57388.5017361111  57388.5156250000   0.0722   0.1370  10.5
ZIMM  16             33.869142            -15.762865  57388.5274305556  57388.6118055556   0.0633   0.0333  12.2
ZIMM  30             23.898486            -41.612958  57388.5312500000  57388.7836805556   0.0380   0.0101  45.4
ZIMM  26            194.897249             38.300519  57388.5336805556  57388.5423611111   0.0979   0.0846   8.5
ZIMM  26            191.062427             36.311103  57388.5430555556  57388.5576388889   0.0707   0.0845   7.8
ZIMM   5             -2.021652            -28.641591  57388.5458333333  57388.7694444444   0.0276   0.0097  40.6
ZIMM  13             16.029872            -24.541617  57388.5961805556  57388.8611111111   0.0256   0.0083  46.4
ZIMM  28            -23.941360            -45.585332  57388.6270833333  57388.8291666667   0.0227   0.0093  40.0
ZIMM  20            -16.138869            -32.638699  57388.6340277778  57388.8131944444   0.0303   0.0113  31.1
ZIMM  15             -2.253082            -25.610174  57388.6642361111  57388.9038194444   0.0255   0.0091  43.3
ZIMM  21             10.661856            -15.856079  57388.6934027778  57388.7065972222   0.1036   0.0774   7.1
ZIMM   8           -219.719173           -114.971161  57388.7000000000  57388.7128472222   0.0849   0.0887   7.5
ZIMM  24             -7.807396            -38.620633  57388.7173611111  57388.9868055556   0.0272   0.0083  47.0
ZIMM  18             15.104154            -12.522304  57388.7256944444  57388.8642361111   0.0422   0.0202  19.2
ZIMM  19              3.830216            -14.493840  57388.7291666667  57388.8809027778   0.0408   0.0141  22.8
ZIMM  17             -0.203274            -20.610128  57388.7340277778  57388.9013888889   0.0321   0.0129  26.5
ZIMM  12            212.282342             66.469496  57388.7697916667  57388.9993055556   0.0242   0.0075  51.2
ZIMM  10            -12.729998            -32.659450  57388.7750000000  57388.8822916667   0.0545   0.0272  14.6
ZIMM  22            -24.563584            -17.813961  57388.8184027778  57388.8791666667   0.1017   0.0508   9.4
ZIMM  25             25.036859            -22.991607  57388.8336805556  57388.8420138889   0.0849   0.0986  12.5
ZIMM  14              8.657180            -11.545013  57388.8409722222  57388.9993055556   0.0284   0.0131  31.2
ZIMM  25             25.055634            -22.627159  57388.8423611111  57388.9993055556   0.0246   0.0131  54.4
ZIMM   6             23.105013            -21.734090  57388.8618055556  57388.9836805556   0.0427   0.0219  16.8
ZIMM   2             15.831505             -2.597320  57388.8788194444  57388.9993055556   0.0317   0.0153  26.6
ZIMM  29            -12.336809            -23.637973  57388.8958333333  57388.9993055556   0.0309   0.0128  41.4
ZIMM  31             45.818194              9.423795  57388.9208333333  57388.9993055556   0.0313   0.0187  29.6
ZIMM  26              9.456810            -25.937305  57388.9861111111  57388.9993055556   0.0564   0.0413  10.4
