Single-Difference Ambiguity Constraint                      COMMENT
    SD                                                      TYPE OF CONSTRAINT
                                                            END OF HEADER
zimm G02 G12 2016  1  1  0  0  0.000000 2016  1  1  1  2  0.000000            -1          -53   0.000
zimm G02 G16 2016  1  1  1  0 30.000000 2016  1  1  1 11  0.000000           -23          -26   0.000
zimm G25 G29 2016  1  1  0  0  0.000000 2016  1  1  2 29 30.000000           -23           61   0.000
zimm G25 G31 2016  1  1  0  0  0.000000 2016  1  1  2 29 30.000000           -30           89   0.000
zimm G21 G31 2016  1  1  0 11  0.000000 2016  1  1  3 20  0.000000            -3           32   0.000
zimm G20 G22 2016  1  1  3 37 30.000000 2016  1  1  4 35  0.000000            -2           55   0.000
zimm G20 G26 2016  1  1  0 53 30.000000 2016  1  1  4 35  0.000000            21          -29   0.000
zimm G21 G26 2016  1  1  0 11  0.000000 2016  1  1  5 36  0.000000            22          -41   0.000
zimm G14 G21 2016  1  1  5 38 30.000000 2016  1  1  6  2  0.000000          -206         -211   0.000
zimm G08 G16 2016  1  1  3 30 30.000000 2016  1  1  6 34  0.000000            -9           51   0.000
zimm G10 G16 2016  1  1  3  8  0.000000 2016  1  1  6 34  0.000000           -18           49   0.000
zimm G16 G18 2016  1  1  2  9 30.000000 2016  1  1  6 34  0.000000            18          -15   0.000
zimm G10 G22 2016  1  1  3 37 30.000000 2016  1  1  8  6  0.000000           -17           67   0.000
zimm G08 G27 2016  1  1  3 30 30.000000 2016  1  1  8 27 30.000000             8           -8   0.000
zimm G17 G27 2016  1  1  8  8 30.000000 2016  1  1  8 27 30.000000            12          -58   0.000
zimm G01 G28 2016  1  1  6 27  0.000000 2016  1  1  9 27 30.000000           -11           64   0.000
zimm G11 G32 2016  1  1  5 44 30.000000 2016  1  1 11 18 30.000000            24          -11   0.000
zimm G01 G11 2016  1  1  5 42 30.000000 2016  1  1 11 18 30.000000           -22           51   0.000
zimm G23 G31 2016  1  1  8 51  0.000000 2016  1  1 11 48  0.000000            68          -35   0.000
zimm G19 G32 2016  1  1  7 44  0.000000 2016  1  1 11 55 30.000000            26          -38   0.000
zimm G03 G32 2016  1  1  6 51 30.000000 2016  1  1 11 55 30.000000            -1           23   0.000
zimm G17 G19 2016  1  1  8  8 30.000000 2016  1  1 12  2  0.000000            -8           17   0.000
zimm G07 G17 2016  1  1 11 47  0.000000 2016  1  1 12  2  0.000000           -25          114   0.000
zimm G07 G23 2016  1  1 11 47  0.000000 2016  1  1 14 48 30.000000           -59           38   0.000
zimm G02 G06 2016  1  1 11 42  0.000000 2016  1  1 15  4 30.000000            43          -49   0.000
zimm G06 G30 2016  1  1 12 45  0.000000 2016  1  1 15  4 30.000000            -6          -78   0.000
zimm G02 G05 2016  1  1 13  6  0.000000 2016  1  1 15 52  0.000000            24          -35   0.000
zimm G09 G30 2016  1  1 12 45  0.000000 2016  1  1 16 21 30.000000          -151         -165   0.000
zimm G07 G20 2016  1  1 15 13  0.000000 2016  1  1 17 29 30.000000            -7           82   0.000
zimm G13 G30 2016  1  1 14 18 30.000000 2016  1  1 18 48 30.000000            17          -74   0.000
zimm G17 G30 2016  1  1 17 37  0.000000 2016  1  1 18 48 30.000000            21         -117   0.000
zimm G12 G20 2016  1  1 18 28 30.000000 2016  1  1 19 31  0.000000            99           57   0.000
zimm G15 G28 2016  1  1 15 56 30.000000 2016  1  1 19 54  0.000000            21          -35   0.000
zimm G13 G19 2016  1  1 17 30  0.000000 2016  1  1 20 40  0.000000           -10           57   0.000
zimm G18 G24 2016  1  1 17 25  0.000000 2016  1  1 20 44 30.000000            26          -51   0.000
zimm G15 G19 2016  1  1 17 30  0.000000 2016  1  1 21  8 30.000000           -11           28   0.000
zimm G12 G17 2016  1  1 18 28 30.000000 2016  1  1 21 38  0.000000            87           71   0.000
zimm G14 G15 2016  1  1 20 11  0.000000 2016  1  1 21 41 30.000000            14          -29   0.000
zimm G06 G24 2016  1  1 20 41  0.000000 2016  1  1 23 36 30.000000            17           -5   0.000
zimm G02 G06 2016  1  1 21  5 30.000000 2016  1  1 23 36 30.000000            19          -80   0.000
zimm G24 G31 2016  1  1 22  6  0.000000 2016  1  1 23 41  0.000000           -48           74   0.000
zimm G25 G29 2016  1  1 21 30  0.000000 2016  1  1 23 59  0.000000             1           63   0.000
zimm G12 G31 2016  1  1 22  6  0.000000 2016  1  1 23 59  0.000000            57           95   0.000
zimm G14 G29 2016  1  1 21 30  0.000000 2016  1  1 23 59  0.000000            12           -4   0.000
