Receiver Clock                                              COMMENT
    30.00                                                   INTERVAL
                                                            END OF HEADER
algo 2016  1  1  0  0  0.000000    -49577.122740      3.005471
algo 2016  1  1  0  0 30.000000    -49577.122740      3.011214
algo 2016  1  1  0  1  0.000000    -49577.122740      3.042460
algo 2016  1  1  0  1 30.000000    -49577.122740      3.046552
algo 2016  1  1  0  2  0.000000    -49577.122740      2.931697
algo 2016  1  1  0  2 30.000000    -49577.122740      2.928245
algo 2016  1  1  0  3  0.000000    -49577.122740      2.993296
algo 2016  1  1  0  3 30.000000    -49577.122740      3.002114
algo 2016  1  1  0  4  0.000000    -49577.122740      3.039744
algo 2016  1  1  0  4 30.000000    -49577.122740      3.063108
algo 2016  1  1  0  5  0.000000    -49577.122740      3.047220
algo 2016  1  1  0  5 30.000000    -49577.122740      3.042759
algo 2016  1  1  0  6  0.000000    -49577.122740      3.026198
algo 2016  1  1  0  6 30.000000    -49577.122740      3.016576
algo 2016  1  1  0  7  0.000000    -49577.122740      3.029188
algo 2016  1  1  0  7 30.000000    -49577.122740      3.019739
algo 2016  1  1  0  8  0.000000    -49577.122740      2.903539
algo 2016  1  1  0  8 30.000000    -49577.122740      2.949603
algo 2016  1  1  0  9  0.000000    -49577.122740      3.033582
algo 2016  1  1  0  9 30.000000    -49577.122740      3.030428
algo 2016  1  1  0 10  0.000000    -49577.122740      3.051889
algo 2016  1  1  0 10 30.000000    -49577.122740      3.068592
algo 2016  1  1  0 11  0.000000    -49577.122740      3.088257
algo 2016  1  1  0 11 30.000000    -49577.122740      3.104091
algo 2016  1  1  0 12  0.000000    -49577.122740      3.105449
algo 2016  1  1  0 12 30.000000    -49577.122740      3.012387
algo 2016  1  1  0 13  0.000000    -49577.122740      3.086147
algo 2016  1  1  0 13 30.000000    -49577.122740      3.112459
algo 2016  1  1  0 14  0.000000    -49577.122740      2.991386
algo 2016  1  1  0 14 30.000000    -49577.122740      3.114131
algo 2016  1  1  0 15  0.000000    -49577.122740      3.129576
algo 2016  1  1  0 15 30.000000    -49577.122740      3.103965
algo 2016  1  1  0 16  0.000000    -49577.122740      3.107572
algo 2016  1  1  0 16 30.000000    -49577.122740      3.120422
algo 2016  1  1  0 17  0.000000    -49577.122740      3.138119
algo 2016  1  1  0 17 30.000000    -49577.122740      3.135452
algo 2016  1  1  0 18  0.000000    -49577.122740      3.136870
algo 2016  1  1  0 18 30.000000    -49577.122740      3.139301
algo 2016  1  1  0 19  0.000000    -49577.122740      3.154143
algo 2016  1  1  0 19 30.000000    -49577.122740      3.144041
algo 2016  1  1  0 20  0.000000    -49577.122740      3.141738
algo 2016  1  1  0 20 30.000000    -49577.122740      3.160012
algo 2016  1  1  0 21  0.000000    -49577.122740      3.172636
algo 2016  1  1  0 21 30.000000    -49577.122740      3.166516
algo 2016  1  1  0 22  0.000000    -49577.122740      3.186305
algo 2016  1  1  0 22 30.000000    -49577.122740      3.198456
algo 2016  1  1  0 23  0.000000    -49577.122740      3.189597
algo 2016  1  1  0 23 30.000000    -49577.122740      3.208040
algo 2016  1  1  0 24  0.000000    -49577.122740      3.209091
algo 2016  1  1  0 24 30.000000    -49577.122740      3.231475
algo 2016  1  1  0 25  0.000000    -49577.122740      3.217452
algo 2016  1  1  0 25 30.000000    -49577.122740      3.221185
algo 2016  1  1  0 26  0.000000    -49577.122740      3.225194
algo 2016  1  1  0 26 30.000000    -49577.122740      3.218246
algo 2016  1  1  0 27  0.000000    -49577.122740      3.229284
algo 2016  1  1  0 27 30.000000    -49577.122740      3.221390
algo 2016  1  1  0 28  0.000000    -49577.122740      3.238607
algo 2016  1  1  0 28 30.000000    -49577.122740      3.240229
algo 2016  1  1  0 29  0.000000    -49577.122740      3.252282
algo 2016  1  1  0 29 30.000000    -49577.122740      3.264495
algo 2016  1  1  0 30  0.000000    -49577.122740      3.254616
algo 2016  1  1  0 30 30.000000    -49577.122740      3.249297
algo 2016  1  1  0 31  0.000000    -49577.122740      3.245374
algo 2016  1  1  0 31 30.000000    -49577.122740      3.256385
algo 2016  1  1  0 32  0.000000    -49577.122740      3.276476
algo 2016  1  1  0 32 30.000000    -49577.122740      3.264860
algo 2016  1  1  0 33  0.000000    -49577.122740      3.302495
algo 2016  1  1  0 33 30.000000    -49577.122740      3.316498
algo 2016  1  1  0 34  0.000000    -49577.122740      3.322653
algo 2016  1  1  0 34 30.000000    -49577.122740      3.307872
algo 2016  1  1  0 35  0.000000    -49577.122740      3.317870
algo 2016  1  1  0 35 30.000000    -49577.122740      3.324368
algo 2016  1  1  0 36  0.000000    -49577.122740      3.314702
algo 2016  1  1  0 36 30.000000    -49577.122740      3.311178
algo 2016  1  1  0 37  0.000000    -49577.122740      3.321331
algo 2016  1  1  0 37 30.000000    -49577.122740      3.320347
algo 2016  1  1  0 38  0.000000    -49577.122740      3.329589
algo 2016  1  1  0 38 30.000000    -49577.122740      3.327143
algo 2016  1  1  0 39  0.000000    -49577.122740      3.333220
algo 2016  1  1  0 39 30.000000    -49577.122740      3.330152
algo 2016  1  1  0 40  0.000000    -49577.122740      3.319052
algo 2016  1  1  0 40 30.000000    -49577.122740      3.333725
algo 2016  1  1  0 41  0.000000    -49577.122740      3.346315
algo 2016  1  1  0 41 30.000000    -49577.122740      3.358665
algo 2016  1  1  0 42  0.000000    -49577.122740      3.353568
algo 2016  1  1  0 42 30.000000    -49577.122740      3.359372
algo 2016  1  1  0 43  0.000000    -49577.122740      3.367225
algo 2016  1  1  0 43 30.000000    -49577.122740      3.376184
algo 2016  1  1  0 44  0.000000    -49577.122740      3.321633
algo 2016  1  1  0 44 30.000000    -49577.122740      3.226121
algo 2016  1  1  0 45  0.000000    -49577.122740      3.256816
algo 2016  1  1  0 45 30.000000    -49577.122740      3.281241
algo 2016  1  1  0 46  0.000000    -49577.122740      3.268064
algo 2016  1  1  0 46 30.000000    -49577.122740      3.291358
algo 2016  1  1  0 47  0.000000    -49577.122740      3.281459
algo 2016  1  1  0 47 30.000000    -49577.122740      3.216940
algo 2016  1  1  0 48  0.000000    -49577.122740      3.244792
algo 2016  1  1  0 48 30.000000    -49577.122740      3.254945
algo 2016  1  1  0 49  0.000000    -49577.122740      3.233590
algo 2016  1  1  0 49 30.000000    -49577.122740      3.233391
algo 2016  1  1  0 50  0.000000    -49577.122740      3.229121
algo 2016  1  1  0 50 30.000000    -49577.122740      3.205565
algo 2016  1  1  0 51  0.000000    -49577.122740      3.217501
algo 2016  1  1  0 51 30.000000    -49577.122740      3.221175
algo 2016  1  1  0 52  0.000000    -49577.122740      3.215426
algo 2016  1  1  0 52 30.000000    -49577.122740      3.218932
algo 2016  1  1  0 53  0.000000    -49577.122740      3.233923
algo 2016  1  1  0 53 30.000000    -49577.122740      3.256015
algo 2016  1  1  0 54  0.000000    -49577.122740      3.267415
algo 2016  1  1  0 54 30.000000    -49577.122740      3.279238
algo 2016  1  1  0 55  0.000000    -49577.122740      3.271658
algo 2016  1  1  0 55 30.000000    -49577.122740      3.273668
algo 2016  1  1  0 56  0.000000    -49577.122740      3.272163
algo 2016  1  1  0 56 30.000000    -49577.122740      3.289175
algo 2016  1  1  0 57  0.000000    -49577.122740      3.286676
algo 2016  1  1  0 57 30.000000    -49577.122740      3.271135
algo 2016  1  1  0 58  0.000000    -49577.122740      3.278517
algo 2016  1  1  0 58 30.000000    -49577.122740      3.264622
algo 2016  1  1  0 59  0.000000    -49577.122740      3.246984
algo 2016  1  1  0 59 30.000000    -49577.122740      3.231077
