Receiver Clock                                              COMMENT
    30.00                                                   INTERVAL
                                                            END OF HEADER
ZIMM 2016  1  1  0  0  0.000000        11.519307    -11.207491
ZIMM 2016  1  1  0  0 30.000000        11.519307    -11.146288
ZIMM 2016  1  1  0  1  0.000000        11.519307    -11.039553
ZIMM 2016  1  1  0  1 30.000000        11.519307    -11.020870
ZIMM 2016  1  1  0  2  0.000000        11.519307    -11.117222
ZIMM 2016  1  1  0  2 30.000000        11.519307    -11.065587
ZIMM 2016  1  1  0  3  0.000000        11.519307    -10.986726
ZIMM 2016  1  1  0  3 30.000000        11.519307    -10.922068
ZIMM 2016  1  1  0  4  0.000000        11.519307    -10.893760
ZIMM 2016  1  1  0  4 30.000000        11.519307    -10.843820
ZIMM 2016  1  1  0  5  0.000000        11.519307    -10.832421
ZIMM 2016  1  1  0  5 30.000000        11.519307    -10.820235
ZIMM 2016  1  1  0  6  0.000000        11.519307    -10.853726
ZIMM 2016  1  1  0  6 30.000000        11.519307    -10.823026
ZIMM 2016  1  1  0  7  0.000000        11.519307    -10.765412
ZIMM 2016  1  1  0  7 30.000000        11.519307    -10.793078
ZIMM 2016  1  1  0  8  0.000000        11.519307    -10.913825
ZIMM 2016  1  1  0  8 30.000000        11.519307    -10.871932
ZIMM 2016  1  1  0  9  0.000000        11.519307    -10.810346
ZIMM 2016  1  1  0  9 30.000000        11.519307    -10.820250
ZIMM 2016  1  1  0 10  0.000000        11.519307    -10.817685
ZIMM 2016  1  1  0 10 30.000000        11.519307    -10.816320
ZIMM 2016  1  1  0 11  0.000000        11.519307    -10.794783
ZIMM 2016  1  1  0 11 30.000000        11.519307    -10.774905
ZIMM 2016  1  1  0 12  0.000000        11.519307    -10.804531
ZIMM 2016  1  1  0 12 30.000000        11.519307    -10.941586
ZIMM 2016  1  1  0 13  0.000000        11.519307    -10.907349
ZIMM 2016  1  1  0 13 30.000000        11.519307    -10.896665
ZIMM 2016  1  1  0 14  0.000000        11.519307    -11.014358
ZIMM 2016  1  1  0 14 30.000000        11.519307    -10.866151
ZIMM 2016  1  1  0 15  0.000000        11.519307    -10.848341
ZIMM 2016  1  1  0 15 30.000000        11.519307    -10.895241
ZIMM 2016  1  1  0 16  0.000000        11.519307    -10.923034
ZIMM 2016  1  1  0 16 30.000000        11.519307    -10.959882
ZIMM 2016  1  1  0 17  0.000000        11.519307    -10.932172
ZIMM 2016  1  1  0 17 30.000000        11.519307    -11.004609
ZIMM 2016  1  1  0 18  0.000000        11.519307    -10.999020
ZIMM 2016  1  1  0 18 30.000000        11.519307    -11.040074
ZIMM 2016  1  1  0 19  0.000000        11.519307    -11.004539
ZIMM 2016  1  1  0 19 30.000000        11.519307    -11.031172
ZIMM 2016  1  1  0 20  0.000000        11.519307    -11.054679
ZIMM 2016  1  1  0 20 30.000000        11.519307    -11.065662
ZIMM 2016  1  1  0 21  0.000000        11.519307    -11.101762
ZIMM 2016  1  1  0 21 30.000000        11.519307    -11.130829
ZIMM 2016  1  1  0 22  0.000000        11.519307    -11.101105
ZIMM 2016  1  1  0 22 30.000000        11.519307    -11.134418
ZIMM 2016  1  1  0 23  0.000000        11.519307    -11.130547
ZIMM 2016  1  1  0 23 30.000000        11.519307    -11.162373
ZIMM 2016  1  1  0 24  0.000000        11.519307    -11.162139
ZIMM 2016  1  1  0 24 30.000000        11.519307    -11.151945
ZIMM 2016  1  1  0 25  0.000000        11.519307    -11.178491
ZIMM 2016  1  1  0 25 30.000000        11.519307    -11.154162
ZIMM 2016  1  1  0 26  0.000000        11.519307    -11.162964
ZIMM 2016  1  1  0 26 30.000000        11.519307    -11.163190
ZIMM 2016  1  1  0 27  0.000000        11.519307    -11.127961
ZIMM 2016  1  1  0 27 30.000000        11.519307    -11.146574
ZIMM 2016  1  1  0 28  0.000000        11.519307    -11.134413
ZIMM 2016  1  1  0 28 30.000000        11.519307    -11.143402
ZIMM 2016  1  1  0 29  0.000000        11.519307    -11.135921
ZIMM 2016  1  1  0 29 30.000000        11.519307    -11.134278
ZIMM 2016  1  1  0 30  0.000000        11.519307    -11.129914
ZIMM 2016  1  1  0 30 30.000000        11.519307    -11.193857
ZIMM 2016  1  1  0 31  0.000000        11.519307    -11.212651
ZIMM 2016  1  1  0 31 30.000000        11.519307    -11.196165
ZIMM 2016  1  1  0 32  0.000000        11.519307    -11.185341
ZIMM 2016  1  1  0 32 30.000000        11.519307    -11.163267
ZIMM 2016  1  1  0 33  0.000000        11.519307    -11.122803
ZIMM 2016  1  1  0 33 30.000000        11.519307    -11.132400
ZIMM 2016  1  1  0 34  0.000000        11.519307    -11.143695
ZIMM 2016  1  1  0 34 30.000000        11.519307    -11.181934
ZIMM 2016  1  1  0 35  0.000000        11.519307    -11.174705
ZIMM 2016  1  1  0 35 30.000000        11.519307    -11.189829
ZIMM 2016  1  1  0 36  0.000000        11.519307    -11.183439
ZIMM 2016  1  1  0 36 30.000000        11.519307    -11.157210
ZIMM 2016  1  1  0 37  0.000000        11.519307    -11.109549
ZIMM 2016  1  1  0 37 30.000000        11.519307    -11.073421
ZIMM 2016  1  1  0 38  0.000000        11.519307    -11.043564
ZIMM 2016  1  1  0 38 30.000000        11.519307    -10.981539
ZIMM 2016  1  1  0 39  0.000000        11.519307    -10.979537
ZIMM 2016  1  1  0 39 30.000000        11.519307    -10.958539
ZIMM 2016  1  1  0 40  0.000000        11.519307    -10.977397
ZIMM 2016  1  1  0 40 30.000000        11.519307    -10.985394
ZIMM 2016  1  1  0 41  0.000000        11.519307    -10.985686
ZIMM 2016  1  1  0 41 30.000000        11.519307    -10.985094
ZIMM 2016  1  1  0 42  0.000000        11.519307    -10.997238
ZIMM 2016  1  1  0 42 30.000000        11.519307    -10.983186
ZIMM 2016  1  1  0 43  0.000000        11.519307    -10.985147
ZIMM 2016  1  1  0 43 30.000000        11.519307    -11.020429
ZIMM 2016  1  1  0 44  0.000000        11.519307    -11.078587
ZIMM 2016  1  1  0 44 30.000000        11.519307    -11.154186
ZIMM 2016  1  1  0 45  0.000000        11.519307    -11.127769
ZIMM 2016  1  1  0 45 30.000000        11.519307    -11.104606
ZIMM 2016  1  1  0 46  0.000000        11.519307    -11.130805
ZIMM 2016  1  1  0 46 30.000000        11.519307    -11.174840
ZIMM 2016  1  1  0 47  0.000000        11.519307    -11.177453
ZIMM 2016  1  1  0 47 30.000000        11.519307    -11.237372
ZIMM 2016  1  1  0 48  0.000000        11.519307    -11.208518
ZIMM 2016  1  1  0 48 30.000000        11.519307    -11.253309
ZIMM 2016  1  1  0 49  0.000000        11.519307    -11.337583
ZIMM 2016  1  1  0 49 30.000000        11.519307    -11.377029
ZIMM 2016  1  1  0 50  0.000000        11.519307    -11.425205
ZIMM 2016  1  1  0 50 30.000000        11.519307    -11.452855
ZIMM 2016  1  1  0 51  0.000000        11.519307    -11.451394
ZIMM 2016  1  1  0 51 30.000000        11.519307    -11.456750
ZIMM 2016  1  1  0 52  0.000000        11.519307    -11.490049
ZIMM 2016  1  1  0 52 30.000000        11.519307    -11.529624
ZIMM 2016  1  1  0 53  0.000000        11.519307    -11.557496
ZIMM 2016  1  1  0 53 30.000000        11.519307    -11.553588
ZIMM 2016  1  1  0 54  0.000000        11.519307    -11.573739
ZIMM 2016  1  1  0 54 30.000000        11.519307    -11.559581
ZIMM 2016  1  1  0 55  0.000000        11.519307    -11.601863
ZIMM 2016  1  1  0 55 30.000000        11.519307    -11.638026
ZIMM 2016  1  1  0 56  0.000000        11.519307    -11.670291
ZIMM 2016  1  1  0 56 30.000000        11.519307    -11.704257
ZIMM 2016  1  1  0 57  0.000000        11.519307    -11.737548
ZIMM 2016  1  1  0 57 30.000000        11.519307    -11.818166
ZIMM 2016  1  1  0 58  0.000000        11.519307    -11.807549
ZIMM 2016  1  1  0 58 30.000000        11.519307    -11.817945
ZIMM 2016  1  1  0 59  0.000000        11.519307    -11.840120
ZIMM 2016  1  1  0 59 30.000000        11.519307    -11.823430
