Residuals                                                   COMMENT
        31                                                  # OF SIT / SAT
       492      1870                                        # OF UNKNOWN / OBS
     5.010                                                  WEIGHTED SIGMA (CYCLE)
zimm                                                        STATION LIST
G 1 G 2 G 3 G 5 G 6 G 7 G 8 G 9 G10 G11 G12 G13 G14 G15 G16 SATELLITE LIST
G17 G18 G19 G20 G21 G22 G23 G24 G25 G26 G27 G28 G29 G30 G31 SATELLITE LIST
G32                                                         SATELLITE LIST
     30.00                LCPC                              INT / OBS TYPE
 2016  1  1  0  0  0.0000000     3570.00                    TIME BEG/LEN
                                                            END OF HEADER
TIM 2016  1  1  0 59 30.0000000  57388   3570.00
  1 30     0.003    -3.298  0.13888889D+05  0.20055556D-02  0  59.293 -107.431
  1 28    -0.003    -4.243  0.13888889D+05  0.20055556D-02  0  75.178   43.168
  1 25    -0.004    -0.090  0.13888889D+05  0.20055556D-02  0  35.084  -61.179
  1 24     0.000    -0.409  0.13888889D+05  0.20055556D-02  0  45.901  108.320
  1 20     0.004     6.392  0.13888889D+05  0.20055556D-02  0  33.133 -178.702
  1 11    -0.084     0.722  0.10515631D+04  0.15184571D-03  0   7.908  110.688
  1  4     0.011     1.690  0.24246560D+04  0.35012032D-03  0  12.059   71.923
  1  2     0.031    -3.282  0.20526241D+04  0.29639892D-03  0  11.082   39.597
TIM 2016  1  1  0 59  0.0000000  57388   3540.00
  1 30    -0.002    -0.156  0.13888889D+05  0.20055556D-02  0  59.354 -106.972
  1 28    -0.011    -5.567  0.13888889D+05  0.20055556D-02  0  75.406   42.934
  1 25     0.007     2.624  0.13888889D+05  0.20055556D-02  0  34.881  -61.260
  1 24     0.017    -1.142  0.13888889D+05  0.20055556D-02  0  46.102  108.125
  1 20    -0.005     4.296  0.13888889D+05  0.20055556D-02  0  32.902 -178.676
  1 11    -0.019    -2.612  0.10976342D+04  0.15849838D-03  0   8.080  110.554
  1  4    -0.022   -10.479  0.23936609D+04  0.34564463D-03  0  11.980   72.125
  1  2    -0.005     6.946  0.21169831D+04  0.30569235D-03  0  11.257   39.656
TIM 2016  1  1  0 58 30.0000000  57388   3510.00
  1 30    -0.015    -1.289  0.13888889D+05  0.20055556D-02  0  59.412 -106.511
  1 28    -0.007    -4.597  0.13888889D+05  0.20055556D-02  0  75.635   42.698
  1 25     0.014    -3.909  0.13888889D+05  0.20055556D-02  0  34.679  -61.341
  1 24     0.021     0.246  0.13888889D+05  0.20055556D-02  0  46.303  107.930
  1 20    -0.001    -4.291  0.13888889D+05  0.20055556D-02  0  32.671 -178.650
  1 11    -0.020    -4.525  0.11446843D+04  0.16529241D-03  0   8.253  110.420
  1  4    -0.044    -8.513  0.23625557D+04  0.34115304D-03  0  11.901   72.326
  1  2    -0.011     1.585  0.21822162D+04  0.31511201D-03  0  11.431   39.716
TIM 2016  1  1  0 58  0.0000000  57388   3480.00
  1 30     0.007     2.113  0.13888889D+05  0.20055556D-02  0  59.468 -106.049
  1 28     0.004     0.163  0.13888889D+05  0.20055556D-02  0  75.864   42.457
  1 25    -0.012    -1.021  0.13888889D+05  0.20055556D-02  0  34.476  -61.423
  1 24    -0.010    -1.236  0.13888889D+05  0.20055556D-02  0  46.504  107.734
  1 20     0.007     3.061  0.13888889D+05  0.20055556D-02  0  32.440 -178.625
  1 11    -0.040   -10.648  0.11927123D+04  0.17222765D-03  0   8.425  110.286
  1  4    -0.015    10.404  0.23313484D+04  0.33664671D-03  0  11.821   72.527
  1  2     0.066    12.541  0.22483161D+04  0.32465684D-03  0  11.605   39.776
TIM 2016  1  1  0 57 30.0000000  57388   3450.00
  1 30     0.018    -2.736  0.13888889D+05  0.20055556D-02  0  59.522 -105.584
  1 28     0.007    -3.748  0.13888889D+05  0.20055556D-02  0  76.093   42.213
  1 25    -0.026     0.653  0.13888889D+05  0.20055556D-02  0  34.274  -61.506
  1 24    -0.026    -1.336  0.13888889D+05  0.20055556D-02  0  46.705  107.537
  1 20     0.015     3.019  0.13888889D+05  0.20055556D-02  0  32.209 -178.599
  1 11    -0.132     7.943  0.12417173D+04  0.17930398D-03  0   8.598  110.151
  1  4     0.042    -0.474  0.23000471D+04  0.33212680D-03  0  11.740   72.728
  1  2     0.100    -7.783  0.23152754D+04  0.33432577D-03  0  11.779   39.837
TIM 2016  1  1  0 57  0.0000000  57388   3420.00
  1 30     0.010     0.560  0.13888889D+05  0.20055556D-02  0  59.574 -105.119
  1 28    -0.005    -3.543  0.13888889D+05  0.20055556D-02  0  76.323   41.964
  1 25    -0.001     6.556  0.13888889D+05  0.20055556D-02  0  34.072  -61.589
  1 24    -0.003    -4.564  0.13888889D+05  0.20055556D-02  0  46.906  107.340
  1 20    -0.005    -2.434  0.13888889D+05  0.20055556D-02  0  31.978 -178.574
  1 11    -0.070    -2.796  0.12916984D+04  0.18652124D-03  0   8.771  110.016
  1  4     0.150     2.663  0.22686597D+04  0.32759447D-03  0  11.659   72.928
  1  2    -0.088   -10.905  0.23830866D+04  0.34411771D-03  0  11.953   39.900
TIM 2016  1  1  0 56 30.0000000  57388   3390.00
  1 30    -0.012     2.128  0.13888889D+05  0.20055556D-02  0  59.622 -104.652
  1 28     0.008    -0.692  0.13888889D+05  0.20055556D-02  0  76.552   41.712
  1 25     0.011    -0.374  0.13888889D+05  0.20055556D-02  0  33.870  -61.673
  1 24    -0.002     0.163  0.13888889D+05  0.20055556D-02  0  47.107  107.141
  1 20    -0.002     0.627  0.13888889D+05  0.20055556D-02  0  31.747 -178.549
  1 11     0.032     7.756  0.13426544D+04  0.19387929D-03  0   8.943  109.881
  1  4     0.051    14.991  0.22371944D+04  0.32305087D-03  0  11.576   73.128
  1  2    -0.079     4.730  0.24517421D+04  0.35403155D-03  0  12.127   39.963
TIM 2016  1  1  0 56  0.0000000  57388   3360.00
  1 30    -0.014     2.528  0.13888889D+05  0.20055556D-02  0  59.669 -104.183
  1 28     0.009    -1.564  0.13888889D+05  0.20055556D-02  0  76.781   41.454
  1 25     0.006    -0.025  0.13888889D+05  0.20055556D-02  0  33.669  -61.757
  1 24    -0.002    -1.120  0.13888889D+05  0.20055556D-02  0  47.308  106.941
  1 20     0.003    -0.395  0.13888889D+05  0.20055556D-02  0  31.517 -178.524
  1 11     0.048   -16.220  0.13945843D+04  0.20137798D-03  0   9.116  109.745
  1  4    -0.051    16.694  0.22056592D+04  0.31849718D-03  0  11.493   73.327
  1  2     0.004    -1.236  0.25212340D+04  0.36406618D-03  0  12.300   40.027
TIM 2016  1  1  0 55 30.0000000  57388   3330.00
  1 30    -0.005    -0.572  0.13888889D+05  0.20055556D-02  0  59.713 -103.713
  1 28    -0.007    -0.774  0.13888889D+05  0.20055556D-02  0  77.011   41.192
  1 25    -0.000     2.055  0.13888889D+05  0.20055556D-02  0  33.467  -61.841
  1 24     0.011    -2.849  0.13888889D+05  0.20055556D-02  0  47.508  106.741
  1 20     0.008    -1.512  0.13888889D+05  0.20055556D-02  0  31.287 -178.499
  1 11    -0.116    -8.642  0.14474871D+04  0.20901714D-03  0   9.289  109.610
  1  4    -0.022     1.907  0.21740621D+04  0.31393456D-03  0  11.410   73.527
  1  2     0.048    -4.792  0.25915545D+04  0.37422047D-03  0  12.473   40.091
TIM 2016  1  1  0 55  0.0000000  57388   3300.00
  1 30    -0.016    -3.121  0.13888889D+05  0.20055556D-02  0  59.754 -103.242
  1 28    -0.007    -4.716  0.13888889D+05  0.20055556D-02  0  77.241   40.924
  1 25     0.012    -0.152  0.13888889D+05  0.20055556D-02  0  33.266  -61.926
  1 24     0.020    -5.605  0.13888889D+05  0.20055556D-02  0  47.709  106.539
  1 20     0.004    -0.944  0.13888889D+05  0.20055556D-02  0  31.056 -178.474
  1 11    -0.111     1.759  0.15013616D+04  0.21679661D-03  0   9.462  109.474
  1  4     0.021    12.023  0.21424112D+04  0.30936418D-03  0  11.325   73.726
  1  2    -0.019    -0.816  0.26626957D+04  0.38449326D-03  0  12.646   40.157
TIM 2016  1  1  0 54 30.0000000  57388   3270.00
  1 30    -0.008     2.270  0.13888889D+05  0.20055556D-02  0  59.793 -102.769
  1 28     0.005    -2.817  0.13888889D+05  0.20055556D-02  0  77.471   40.651
  1 25     0.008     3.737  0.13888889D+05  0.20055556D-02  0  33.066  -62.011
  1 24     0.001    -2.640  0.13888889D+05  0.20055556D-02  0  47.910  106.337
  1 20    -0.003    -2.218  0.13888889D+05  0.20055556D-02  0  30.826 -178.450
  1 11     0.042     3.330  0.15562066D+04  0.22471623D-03  0   9.635  109.337
  1  4     0.012    26.197  0.21107147D+04  0.30478720D-03  0  11.240   73.924
  1  2    -0.044     5.559  0.27346495D+04  0.39488339D-03  0  12.819   40.224
TIM 2016  1  1  0 54  0.0000000  57388   3240.00
  1 30     0.002    -1.394  0.13888889D+05  0.20055556D-02  0  59.830 -102.296
  1 28    -0.010    -0.167  0.13888889D+05  0.20055556D-02  0  77.701   40.373
  1 25     0.006     3.913  0.13888889D+05  0.20055556D-02  0  32.865  -62.097
  1 24     0.013    -0.118  0.13888889D+05  0.20055556D-02  0  48.111  106.134
  1 20    -0.008    -1.565  0.13888889D+05  0.20055556D-02  0  30.597 -178.425
  1 11     0.050   -15.237  0.16120209D+04  0.23277582D-03  0   9.808  109.201
  1  4    -0.041     1.598  0.20789806D+04  0.30020480D-03  0  11.154   74.122
  1  2    -0.011    13.199  0.28074077D+04  0.40538968D-03  0  12.991   40.291
TIM 2016  1  1  0 53 30.0000000  57388   3210.00
  1 30     0.004    -1.017  0.13888889D+05  0.20055556D-02  0  59.864 -101.821
  1 28    -0.022    -5.564  0.13888889D+05  0.20055556D-02  0  77.931   40.088
  1 25     0.004     6.215  0.13888889D+05  0.20055556D-02  0  32.665  -62.183
  1 24     0.026     0.378  0.13888889D+05  0.20055556D-02  0  48.311  105.929
  1 20    -0.005     5.793  0.13888889D+05  0.20055556D-02  0  30.367 -178.401
  1 11    -0.028    -2.789  0.16688034D+04  0.24097521D-03  0   9.981  109.064
  1  4    -0.057   -18.132  0.20472171D+04  0.29561815D-03  0  11.067   74.320
  1  2     0.022    12.726  0.28809621D+04  0.41601092D-03  0  13.163   40.360
TIM 2016  1  1  0 53  0.0000000  57388   3180.00
  1 30    -0.009    -3.661  0.13888889D+05  0.20055556D-02  0  59.895 -101.346
  1 28    -0.003    -4.510  0.13888889D+05  0.20055556D-02  0  78.161   39.797
  1 25     0.001     6.928  0.13888889D+05  0.20055556D-02  0  32.465  -62.270
  1 24     0.009     1.826  0.13888889D+05  0.20055556D-02  0  48.512  105.724
  1 20     0.010     2.853  0.13888889D+05  0.20055556D-02  0  30.137 -178.376
  1 11    -0.110     1.503  0.17265528D+04  0.24931422D-03  0  10.154  108.927
  1  4    -0.003     4.887  0.20154323D+04  0.29102843D-03  0  10.980   74.518
  1  2     0.033    -1.622  0.29553041D+04  0.42674591D-03  0  13.335   40.429
TIM 2016  1  1  0 52 30.0000000  57388   3150.00
  1 30     0.006     0.776  0.13888889D+05  0.20055556D-02  0  59.924 -100.870
  1 28    -0.006    -6.547  0.13888889D+05  0.20055556D-02  0  78.391   39.499
  1 25    -0.001     3.506  0.13888889D+05  0.20055556D-02  0  32.265  -62.357
  1 24     0.002     1.637  0.13888889D+05  0.20055556D-02  0  48.712  105.517
  1 20    -0.001     3.888  0.13811797D+05  0.19944235D-02  0  29.908 -178.352
  1 11    -0.048    -2.138  0.17852678D+04  0.25779266D-03  0  10.327  108.790
  1  4     0.070   -20.485  0.19836343D+04  0.28643679D-03  0  10.892   74.715
  1  2    -0.020    -0.881  0.30304254D+04  0.43759343D-03  0  13.506   40.499
TIM 2016  1  1  0 52  0.0000000  57388   3120.00
  1 30    -0.000     0.744  0.13888889D+05  0.20055556D-02  0  59.950 -100.393
  1 28     0.016    -1.483  0.13888889D+05  0.20055556D-02  0  78.621   39.194
  1 25    -0.004    10.048  0.13888889D+05  0.20055556D-02  0  32.066  -62.445
  1 24    -0.020     0.047  0.13888889D+05  0.20055556D-02  0  48.913  105.310
  1 20     0.003    -2.152  0.13620162D+05  0.19667514D-02  0  29.679 -178.328
  1 11    -0.008    -1.837  0.18449470D+04  0.26641035D-03  0  10.500  108.652
  1  4     0.111    -1.890  0.19518312D+04  0.28184443D-03  0  10.803   74.912
  1  2    -0.039    -8.626  0.31063173D+04  0.44855222D-03  0  13.678   40.571
TIM 2016  1  1  0 51 30.0000000  57388   3090.00
  1 30    -0.003    -2.235  0.13888889D+05  0.20055556D-02  0  59.974  -99.915
  1 28     0.011    -2.484  0.13888889D+05  0.20055556D-02  0  78.852   38.881
  1 25    -0.002     1.807  0.13888889D+05  0.20055556D-02  0  31.866  -62.533
  1 24    -0.012    -0.442  0.13888889D+05  0.20055556D-02  0  49.113  105.102
  1 20     0.004    -3.065  0.13429573D+05  0.19392304D-02  0  29.450 -178.304
  1 11    -0.023    -5.781  0.19055892D+04  0.27516708D-03  0  10.673  108.514
  1  4     0.072     7.482  0.19200312D+04  0.27725251D-03  0  10.714   75.108
  1  2    -0.020     8.506  0.31829712D+04  0.45962104D-03  0  13.849   40.643
TIM 2016  1  1  0 51  0.0000000  57388   3060.00
  1 30     0.014    -2.565  0.13888889D+05  0.20055556D-02  0  59.995  -99.437
  1 28    -0.002    -5.967  0.13888889D+05  0.20055556D-02  0  79.082   38.559
  1 25    -0.005     7.442  0.13888889D+05  0.20055556D-02  0  31.667  -62.621
  1 24    -0.008    -2.819  0.13888889D+05  0.20055556D-02  0  49.313  104.892
  1 20    -0.005    -0.847  0.13240042D+05  0.19118621D-02  0  29.221 -178.280
  1 11    -0.009    -7.743  0.19671929D+04  0.28406266D-03  0  10.846  108.376
  1  4     0.105     4.852  0.18882424D+04  0.27266221D-03  0  10.624   75.304
  1  2    -0.032    -4.927  0.32603782D+04  0.47079861D-03  0  14.020   40.716
TIM 2016  1  1  0 50 30.0000000  57388   3030.00
  1 30    -0.015     2.814  0.13888889D+05  0.20055556D-02  0  60.014  -98.959
  1 28     0.011    -0.491  0.13888889D+05  0.20055556D-02  0  79.312   38.229
  1 25     0.007     2.097  0.13888889D+05  0.20055556D-02  0  31.468  -62.710
  1 24    -0.003    -3.293  0.13888889D+05  0.20055556D-02  0  49.514  104.682
  1 20     0.003    -2.674  0.13051581D+05  0.18846483D-02  0  28.992 -178.256
  1 11     0.001    -4.221  0.20297568D+04  0.29309688D-03  0  11.019  108.238
  1  4     0.006    15.079  0.18564729D+04  0.26807469D-03  0  10.533   75.500
  1  2    -0.018    -7.385  0.33385293D+04  0.48208363D-03  0  14.190   40.790
TIM 2016  1  1  0 50  0.0000000  57388   3000.00
  1 30    -0.014    -0.927  0.13888889D+05  0.20055556D-02  0  60.030  -98.480
  1 28     0.001    -1.764  0.13888889D+05  0.20055556D-02  0  79.543   37.890
  1 25     0.008     0.657  0.13888889D+05  0.20055556D-02  0  31.270  -62.799
  1 24     0.009    -0.033  0.13888889D+05  0.20055556D-02  0  49.714  104.470
  1 20     0.003     3.512  0.12864200D+05  0.18575904D-02  0  28.764 -178.232
  1 11    -0.011     3.266  0.20932794D+04  0.30226955D-03  0  11.193  108.099
  1  4    -0.043    11.040  0.18247309D+04  0.26349114D-03  0  10.442   75.695
  1  2     0.003    -7.326  0.34174156D+04  0.49347482D-03  0  14.360   40.865
TIM 2016  1  1  0 49 30.0000000  57388   2970.00
  1 30     0.017    -0.730  0.13888889D+05  0.20055556D-02  0  60.043  -98.001
  1 28    -0.009    -2.447  0.13888889D+05  0.20055556D-02  0  79.773   37.540
  1 25    -0.007     6.487  0.13888889D+05  0.20055556D-02  0  31.072  -62.889
  1 24    -0.001     1.824  0.13888889D+05  0.20055556D-02  0  49.914  104.257
  1 20    -0.007     0.580  0.12677910D+05  0.18306902D-02  0  28.536 -178.208
  1 11     0.046     1.555  0.21577593D+04  0.31158044D-03  0  11.366  107.961
  1  4    -0.028     2.502  0.17930243D+04  0.25891271D-03  0  10.349   75.890
  1  2     0.011     0.501  0.34970280D+04  0.50497084D-03  0  14.530   40.941
TIM 2016  1  1  0 49  0.0000000  57388   2940.00
  1 30     0.008     0.957  0.13888889D+05  0.20055556D-02  0  60.054  -97.521
  1 28    -0.010    -1.374  0.13888889D+05  0.20055556D-02  0  80.004   37.180
  1 25    -0.001    -2.442  0.13888889D+05  0.20055556D-02  0  30.874  -62.979
  1 24     0.007     4.918  0.13888889D+05  0.20055556D-02  0  50.114  104.044
  1 20    -0.006     1.986  0.12492722D+05  0.18039491D-02  0  28.308 -178.185
  1 11     0.046    -7.656  0.22231949D+04  0.32102934D-03  0  11.540  107.821
  1  4    -0.073    -6.779  0.17613614D+04  0.25434059D-03  0  10.257   76.085
  1  2     0.013     3.585  0.35773572D+04  0.51657037D-03  0  14.700   41.018
TIM 2016  1  1  0 48 30.0000000  57388   2910.00
  1 30     0.007     2.902  0.13888889D+05  0.20055556D-02  0  60.063  -97.042
  1 28     0.002    -1.694  0.13888889D+05  0.20055556D-02  0  80.234   36.808
  1 25    -0.007     2.388  0.13888889D+05  0.20055556D-02  0  30.676  -63.070
  1 24    -0.008    -0.152  0.13888889D+05  0.20055556D-02  0  50.314  103.829
  1 20     0.000    -2.442  0.12308648D+05  0.17773688D-02  0  28.080 -178.161
  1 11     0.031    -9.811  0.22895846D+04  0.33061602D-03  0  11.713  107.682
  1  4    -0.047    -6.045  0.17297502D+04  0.24977593D-03  0  10.163   76.279
  1  2     0.025    -5.774  0.36583938D+04  0.52827206D-03  0  14.869   41.095
TIM 2016  1  1  0 48  0.0000000  57388   2880.00
  1 30    -0.004    -2.349  0.13888889D+05  0.20055556D-02  0  60.069  -96.563
  1 28     0.003    -5.247  0.13888889D+05  0.20055556D-02  0  80.465   36.423
  1 25     0.002    12.554  0.13888889D+05  0.20055556D-02  0  30.478  -63.160
  1 24    -0.001    -0.455  0.13888889D+05  0.20055556D-02  0  50.514  103.613
  1 20    -0.001     1.727  0.12125697D+05  0.17509506D-02  0  27.852 -178.137
  1 11     0.030     0.835  0.23569271D+04  0.34034027D-03  0  11.886  107.542
  1  4    -0.031    -0.403  0.16981988D+04  0.24521991D-03  0  10.069   76.473
  1  2    -0.003     3.296  0.37401285D+04  0.54007455D-03  0  15.038   41.174
TIM 2016  1  1  0 47 30.0000000  57388   2850.00
  1 30     0.011    -1.588  0.13888889D+05  0.20055556D-02  0  60.072  -96.083
  1 28    -0.002    -1.051  0.13888889D+05  0.20055556D-02  0  80.695   36.026
  1 25    -0.009     5.482  0.13888889D+05  0.20055556D-02  0  30.281  -63.252
  1 24    -0.006    -1.284  0.13888889D+05  0.20055556D-02  0  50.714  103.396
  1 20     0.002    -0.656  0.11943879D+05  0.17246962D-02  0  27.624 -178.114
  1 11    -0.030    -9.869  0.24252205D+04  0.35020184D-03  0  12.060  107.403
  1  4     0.049     2.355  0.16667153D+04  0.24067369D-03  0   9.974   76.667
  1  2     0.012     8.557  0.38225517D+04  0.55197647D-03  0  15.207   41.254
TIM 2016  1  1  0 47  0.0000000  57388   2820.00
  1 30     0.002    -0.170  0.13888889D+05  0.20055556D-02  0  60.072  -95.604
  1 28     0.001    -1.202  0.13888889D+05  0.20055556D-02  0  80.926   35.614
  1 25    -0.003     6.419  0.13888889D+05  0.20055556D-02  0  30.084  -63.343
  1 24    -0.002     4.109  0.13888889D+05  0.20055556D-02  0  50.914  103.178
  1 20     0.005     3.513  0.11763206D+05  0.16986070D-02  0  27.397 -178.090
  1 11    -0.071    -5.371  0.24944634D+04  0.36020052D-03  0  12.234  107.262
  1  4     0.124     2.875  0.16353077D+04  0.23613843D-03  0   9.879   76.860
  1  2    -0.012     8.576  0.39056538D+04  0.56397640D-03  0  15.376   41.335
TIM 2016  1  1  0 46 30.0000000  57388   2790.00
  1 30     0.012    -1.134  0.13888889D+05  0.20055556D-02  0  60.071  -95.126
  1 28     0.004    -1.695  0.13888889D+05  0.20055556D-02  0  81.156   35.186
  1 25    -0.009    -6.659  0.13794100D+05  0.19918680D-02  0  29.887  -63.436
  1 24    -0.014    -1.176  0.13888889D+05  0.20055556D-02  0  51.113  102.959
  1 20    -0.001     0.768  0.11583687D+05  0.16726844D-02  0  27.170 -178.067
  1 11    -0.015     2.579  0.25646540D+04  0.37033604D-03  0  12.407  107.122
  1  4     0.111     0.378  0.16039840D+04  0.23161529D-03  0   9.783   77.053
  1  2    -0.013     5.947  0.39894250D+04  0.57607297D-03  0  15.544   41.416
TIM 2016  1  1  0 46  0.0000000  57388   2760.00
  1 30     0.022    -1.108  0.13888889D+05  0.20055556D-02  0  60.066  -94.647
  1 28    -0.014    -3.212  0.13888889D+05  0.20055556D-02  0  81.386   34.742
  1 25    -0.001     6.564  0.13629731D+05  0.19681331D-02  0  29.690  -63.528
  1 24     0.002    -1.763  0.13888889D+05  0.20055556D-02  0  51.313  102.738
  1 20    -0.019    -0.817  0.11405332D+05  0.16469300D-02  0  26.942 -178.043
  1 11     0.054     1.757  0.26357908D+04  0.38060818D-03  0  12.581  106.981
  1  4     0.079    13.122  0.15727523D+04  0.22710543D-03  0   9.686   77.245
  1  2    -0.046    -6.732  0.40738556D+04  0.58826475D-03  0  15.712   41.499
TIM 2016  1  1  0 45 30.0000000  57388   2730.00
  1 30    -0.006     4.384  0.13888889D+05  0.20055556D-02  0  60.059  -94.169
  1 28     0.011    -4.964  0.13888889D+05  0.20055556D-02  0  81.616   34.280
  1 25     0.004     2.747  0.13466230D+05  0.19445237D-02  0  29.494  -63.621
  1 24    -0.008    -2.165  0.13888889D+05  0.20055556D-02  0  51.513  102.517
  1 20    -0.002    -0.684  0.11228151D+05  0.16213451D-02  0  26.716 -178.020
  1 11     0.019     0.005  0.27078718D+04  0.39101669D-03  0  12.755  106.840
  1  4     0.054    16.488  0.15416205D+04  0.22261000D-03  0   9.589   77.437
  1  2    -0.029    -3.906  0.41589355D+04  0.60055029D-03  0  15.879   41.582
TIM 2016  1  1  0 45  0.0000000  57388   2700.00
  1 30     0.009     0.256  0.13888889D+05  0.20055556D-02  0  60.049  -93.692
  1 28     0.008    -3.531  0.13888889D+05  0.20055556D-02  0  81.846   33.798
  1 25    -0.010     1.521  0.13303603D+05  0.19210403D-02  0  29.298  -63.714
  1 24    -0.017     0.825  0.13888889D+05  0.20055556D-02  0  51.712  102.294
  1 20     0.002     7.692  0.11052154D+05  0.15959311D-02  0  26.489 -177.996
  1 11     0.015    -2.403  0.27808955D+04  0.40156131D-03  0  12.928  106.699
  1  4     0.015     5.715  0.15105967D+04  0.21813016D-03  0   9.491   77.629
  1  2     0.012    13.792  0.42446548D+04  0.61292816D-03  0  16.046   41.667
TIM 2016  1  1  0 44 30.0000000  57388   2670.00
  1 30     0.003    -1.916  0.13888889D+05  0.20055556D-02  0  60.037  -93.216
  1 28    -0.005    -2.332  0.13888889D+05  0.20055556D-02  0  82.076   33.294
  1 25    -0.001    -3.514  0.13141855D+05  0.18976839D-02  0  29.102  -63.808
  1 24     0.003     3.029  0.13888889D+05  0.20055556D-02  0  51.912  102.070
  1 20     0.000     2.038  0.10877350D+05  0.15706893D-02  0  26.262 -177.973
  1 11     0.000    13.538  0.28548599D+04  0.41224177D-03  0  13.102  106.558
  1  4    -0.029    -5.316  0.14796887D+04  0.21366704D-03  0   9.393   77.820
  1  2     0.010     0.355  0.43310033D+04  0.62539688D-03  0  16.213   41.753
TIM 2016  1  1  0 44  0.0000000  57388   2640.00
  1 30    -0.012     1.546  0.13888889D+05  0.20055556D-02  0  60.022  -92.740
  1 28     0.015    -1.341  0.13888889D+05  0.20055556D-02  0  82.306   32.767
  1 25     0.010     5.693  0.12980990D+05  0.18744549D-02  0  28.906  -63.902
  1 24    -0.008     3.803  0.13888889D+05  0.20055556D-02  0  52.111  101.845
  1 20    -0.008    -7.879  0.10703748D+05  0.15456212D-02  0  26.036 -177.949
  1 11     0.074     9.763  0.29297634D+04  0.42305783D-03  0  13.276  106.416
  1  4    -0.042    -0.748  0.14489044D+04  0.20922180D-03  0   9.294   78.011
  1  2    -0.029    -2.476  0.44179709D+04  0.63795500D-03  0  16.380   41.839
TIM 2016  1  1  0 43 30.0000000  57388   2610.00
  1 30     0.006    -3.872  0.13888889D+05  0.20055556D-02  0  60.005  -92.265
  1 28     0.003    -2.388  0.13888889D+05  0.20055556D-02  0  82.535   32.215
  1 25    -0.002     0.842  0.12821013D+05  0.18513542D-02  0  28.711  -63.996
  1 24    -0.008    -2.257  0.13888889D+05  0.20055556D-02  0  52.310  101.618
  1 20    -0.005     5.532  0.10531358D+05  0.15207281D-02  0  25.810 -177.926
  1 11     0.030    -1.519  0.30056040D+04  0.43400921D-03  0  13.450  106.274
  1  4     0.024     0.696  0.14182519D+04  0.20479557D-03  0   9.194   78.201
  1  2    -0.013    -1.562  0.45055471D+04  0.65060100D-03  0  16.546   41.927
TIM 2016  1  1  0 43  0.0000000  57388   2580.00
  1 30    -0.002     0.885  0.13888889D+05  0.20055556D-02  0  59.985  -91.791
  1 28     0.017    -3.844  0.13888889D+05  0.20055556D-02  0  82.764   31.635
  1 25    -0.001     1.763  0.12661928D+05  0.18283824D-02  0  28.516  -64.091
  1 24    -0.019    -2.142  0.13888889D+05  0.20055556D-02  0  52.509  101.390
  1 20    -0.004     6.700  0.10360188D+05  0.14960112D-02  0  25.584 -177.903
  1 11     0.045     1.871  0.30823798D+04  0.44509565D-03  0  13.624  106.132
  1  4     0.027     4.021  0.13877389D+04  0.20038949D-03  0   9.094   78.392
  1  2    -0.017    -3.691  0.45937216D+04  0.66333340D-03  0  16.712   42.015
TIM 2016  1  1  0 42 30.0000000  57388   2550.00
  1 30     0.008    -0.787  0.13888889D+05  0.20055556D-02  0  59.963  -91.318
  1 28     0.011    -3.852  0.13888889D+05  0.20055556D-02  0  82.993   31.024
  1 25    -0.005     2.252  0.12503741D+05  0.18055402D-02  0  28.321  -64.186
  1 24    -0.018    -0.380  0.13888889D+05  0.20055556D-02  0  52.708  101.161
  1 20    -0.005     4.117  0.10190248D+05  0.14714718D-02  0  25.359 -177.879
  1 11     0.022     6.589  0.31600890D+04  0.45631685D-03  0  13.798  105.990
  1  4     0.106     6.759  0.13573732D+04  0.19600469D-03  0   8.993   78.581
  1  2    -0.023    -5.580  0.46824839D+04  0.67615067D-03  0  16.877   42.105
TIM 2016  1  1  0 42  0.0000000  57388   2520.00
  1 30    -0.001    -0.592  0.13888889D+05  0.20055556D-02  0  59.938  -90.847
  1 28     0.014    -5.013  0.13888889D+05  0.20055556D-02  0  83.221   30.380
  1 25    -0.001    -7.048  0.12346455D+05  0.17828281D-02  0  28.126  -64.281
  1 24    -0.017     2.558  0.13888889D+05  0.20055556D-02  0  52.907  100.931
  1 20    -0.004    -0.957  0.10021546D+05  0.14471113D-02  0  25.133 -177.856
  1 11     0.055    -5.866  0.32387297D+04  0.46767256D-03  0  13.972  105.847
  1  4    -0.022     6.888  0.13271627D+04  0.19164230D-03  0   8.891   78.771
  1  2    -0.009     4.462  0.47718233D+04  0.68905129D-03  0  17.042   42.195
TIM 2016  1  1  0 41 30.0000000  57388   2490.00
  1 30    -0.008     0.407  0.13888889D+05  0.20055556D-02  0  59.910  -90.376
  1 28     0.014    -1.336  0.13888889D+05  0.20055556D-02  0  83.449   29.698
  1 25    -0.003     6.129  0.12190075D+05  0.17602469D-02  0  27.932  -64.377
  1 24    -0.012     1.889  0.13888889D+05  0.20055556D-02  0  53.106  100.700
  1 20     0.008    -3.634  0.98540914D+04  0.14229308D-02  0  24.908 -177.832
  1 11     0.004    -6.755  0.33182997D+04  0.47916248D-03  0  14.146  105.704
  1  4    -0.047     1.930  0.12971152D+04  0.18730343D-03  0   8.789   78.960
  1  2     0.018     4.283  0.48617293D+04  0.70203371D-03  0  17.207   42.287
TIM 2016  1  1  0 41  0.0000000  57388   2460.00
  1 30    -0.011    -0.476  0.13888889D+05  0.20055556D-02  0  59.880  -89.907
  1 28     0.004    -4.643  0.13888889D+05  0.20055556D-02  0  83.676   28.975
  1 25     0.009     4.567  0.12034606D+05  0.17377971D-02  0  27.738  -64.473
  1 24     0.003     2.507  0.13888889D+05  0.20055556D-02  0  53.305  100.467
  1 20    -0.003     1.132  0.96878918D+04  0.13989316D-02  0  24.683 -177.809
  1 11     0.024   -12.547  0.33987972D+04  0.49078632D-03  0  14.320  105.561
  1  4    -0.059     8.524  0.12672383D+04  0.18298921D-03  0   8.687   79.148
  1  2    -0.008    10.591  0.49521909D+04  0.71509637D-03  0  17.371   42.379
TIM 2016  1  1  0 40 30.0000000  57388   2430.00
  1 30    -0.004     0.091  0.13888889D+05  0.20055556D-02  0  59.848  -89.439
  1 28    -0.002    -0.974  0.13888889D+05  0.20055556D-02  0  83.903   28.207
  1 25     0.005    -7.365  0.11880051D+05  0.17154793D-02  0  27.544  -64.570
  1 24     0.003    -3.550  0.13888889D+05  0.20055556D-02  0  53.504  100.233
  1 20    -0.004    -3.467  0.95229556D+04  0.13751148D-02  0  24.458 -177.785
  1 11     0.048     2.626  0.34802202D+04  0.50254380D-03  0  14.495  105.417
  1  4    -0.153     6.885  0.12375398D+04  0.17870075D-03  0   8.583   79.337
  1  2     0.007    12.111  0.50431974D+04  0.72823770D-03  0  17.535   42.473
TIM 2016  1  1  0 40  0.0000000  57388   2400.00
  1 30    -0.003     0.113  0.13888889D+05  0.20055556D-02  0  59.813  -88.973
  1 28     0.009    -1.640  0.13888889D+05  0.20055556D-02  0  84.129   27.388
  1 25     0.008     6.130  0.11726414D+05  0.16932942D-02  0  27.350  -64.667
  1 24    -0.009     0.102  0.13888889D+05  0.20055556D-02  0  53.702   99.997
  1 20    -0.015     1.186  0.93592912D+04  0.13514816D-02  0  24.233 -177.762
  1 11     0.083     0.965  0.35625664D+04  0.51443459D-03  0  14.669  105.273
  1  4    -0.067    -1.567  0.12080274D+04  0.17443915D-03  0   8.480   79.525
  1  2    -0.026    12.598  0.51347377D+04  0.74145612D-03  0  17.699   42.567
TIM 2016  1  1  0 39 30.0000000  57388   2370.00
  1 30     0.015    -1.020  0.13888889D+05  0.20055556D-02  0  59.775  -88.509
  1 28     0.000    -4.494  0.13888889D+05  0.20055556D-02  0  84.354   26.512
  1 25    -0.022     4.509  0.11573700D+05  0.16712423D-02  0  27.157  -64.764
  1 24    -0.017     2.077  0.13888889D+05  0.20055556D-02  0  53.901   99.760
  1 20     0.014     3.703  0.91969064D+04  0.13280333D-02  0  24.008 -177.738
  1 11    -0.011     0.505  0.36458339D+04  0.52645842D-03  0  14.843  105.130
  1  4    -0.085    -3.112  0.11787085D+04  0.17020551D-03  0   8.375   79.712
  1  2     0.053    -5.815  0.52268008D+04  0.75475004D-03  0  17.862   42.663
TIM 2016  1  1  0 39  0.0000000  57388   2340.00
  1 30     0.022    -5.499  0.13888889D+05  0.20055556D-02  0  59.735  -88.046
  1 28    -0.010    -0.518  0.13888889D+05  0.20055556D-02  0  84.579   25.572
  1 25    -0.017    11.195  0.11421913D+05  0.16493243D-02  0  26.964  -64.861
  1 24    -0.007     1.248  0.13888889D+05  0.20055556D-02  0  54.099   99.522
  1 20     0.004     2.171  0.90358091D+04  0.13047708D-02  0  23.784 -177.714
  1 11    -0.014    -5.484  0.37300206D+04  0.53861497D-03  0  15.018  104.985
  1  4     0.026     6.961  0.11495910D+04  0.16600094D-03  0   8.271   79.899
  1  2     0.022    -3.682  0.53193757D+04  0.76811785D-03  0  18.025   42.760
TIM 2016  1  1  0 38 30.0000000  57388   2310.00
  1 30     0.009     0.243  0.13888889D+05  0.20055556D-02  0  59.693  -87.584
  1 28     0.003    -3.744  0.13888889D+05  0.20055556D-02  0  84.802   24.561
  1 25    -0.010    -6.208  0.11271056D+05  0.16275405D-02  0  26.771  -64.959
  1 24    -0.013     1.136  0.13888889D+05  0.20055556D-02  0  54.297   99.282
  1 20     0.001     2.549  0.88760069D+04  0.12816954D-02  0  23.560 -177.691
  1 11     0.014     8.312  0.38151242D+04  0.55090393D-03  0  15.192  104.841
  1  4    -0.009     6.618  0.11206822D+04  0.16182651D-03  0   8.165   80.086
  1  2     0.011    -4.002  0.54124510D+04  0.78155792D-03  0  18.188   42.857
TIM 2016  1  1  0 38  0.0000000  57388   2280.00
  1 30     0.004    -2.917  0.13888889D+05  0.20055556D-02  0  59.648  -87.125
  1 28     0.000    -5.190  0.13888889D+05  0.20055556D-02  0  85.024   23.469
  1 25     0.006    -6.577  0.11121134D+05  0.16058917D-02  0  26.578  -65.057
  1 24    -0.004     3.623  0.13888889D+05  0.20055556D-02  0  54.495   99.041
  1 20    -0.016    -6.596  0.87175073D+04  0.12588080D-02  0  23.336 -177.667
  1 11     0.064     0.930  0.39011425D+04  0.56332498D-03  0  15.366  104.696
  1  4    -0.050     1.699  0.10919897D+04  0.15768331D-03  0   8.059   80.272
  1  2    -0.022   -11.859  0.55060154D+04  0.79506863D-03  0  18.350   42.956
TIM 2016  1  1  0 37 30.0000000  57388   2250.00
  1 30    -0.004     0.218  0.13888889D+05  0.20055556D-02  0  59.601  -86.668
  1 28     0.009    -4.307  0.13888889D+05  0.20055556D-02  0  85.245   22.285
  1 25     0.006     1.420  0.10972149D+05  0.15843783D-02  0  26.385  -65.156
  1 24    -0.009     3.931  0.13888889D+05  0.20055556D-02  0  54.693   98.798
  1 20    -0.010    -4.341  0.85603177D+04  0.12361099D-02  0  23.112 -177.643
  1 11     0.059    -4.541  0.39880734D+04  0.57587780D-03  0  15.541  104.551
  1  4    -0.094    -1.219  0.10635209D+04  0.15357241D-03  0   7.953   80.459
  1  2    -0.011    12.449  0.56000576D+04  0.80864832D-03  0  18.511   43.056
TIM 2016  1  1  0 37  0.0000000  57388   2220.00
  1 30     0.001     1.373  0.13888889D+05  0.20055556D-02  0  59.551  -86.212
  1 28     0.009    -6.222  0.13888889D+05  0.20055556D-02  0  85.464   20.997
  1 25    -0.010     1.893  0.10824105D+05  0.15630008D-02  0  26.193  -65.255
  1 24    -0.016    -0.936  0.13888889D+05  0.20055556D-02  0  54.891   98.554
  1 20     0.008   -11.978  0.84044453D+04  0.12136019D-02  0  22.889 -177.620
  1 11     0.021     6.170  0.40759146D+04  0.58856207D-03  0  15.716  104.406
  1  4    -0.138    -8.873  0.10352832D+04  0.14949490D-03  0   7.846   80.644
  1  2     0.030     8.115  0.56945660D+04  0.82229534D-03  0  18.673   43.156
TIM 2016  1  1  0 36 30.0000000  57388   2190.00
  1 30     0.000    -1.634  0.13888889D+05  0.20055556D-02  0  59.499  -85.759
  1 28     0.002     0.216  0.13888889D+05  0.20055556D-02  0  85.680   19.589
  1 25    -0.006     5.443  0.10677007D+05  0.15417599D-02  0  26.001  -65.354
  1 24    -0.003    -0.559  0.13888889D+05  0.20055556D-02  0  55.089   98.309
  1 20     0.008    -0.463  0.82498972D+04  0.11912852D-02  0  22.666 -177.596
  1 11    -0.028     7.219  0.41646638D+04  0.60137745D-03  0  15.890  104.260
  1  4     0.040   -16.321  0.10072840D+04  0.14545181D-03  0   7.738   80.829
  1  2     0.012    -2.828  0.57895292D+04  0.83600802D-03  0  18.833   43.258
TIM 2016  1  1  0 36  0.0000000  57388   2160.00
  1 30     0.010    -2.763  0.13888889D+05  0.20055556D-02  0  59.445  -85.308
  1 28    -0.007    -1.843  0.13888889D+05  0.20055556D-02  0  85.895   18.045
  1 25    -0.004    -3.022  0.10530858D+05  0.15206559D-02  0  25.809  -65.453
  1 24    -0.002    -3.480  0.13888889D+05  0.20055556D-02  0  55.287   98.062
  1 20    -0.005     9.395  0.80966802D+04  0.11691606D-02  0  22.443 -177.572
  1 11     0.031    -0.413  0.42543186D+04  0.61432361D-03  0  16.065  104.115
  1  4    -0.098    -7.578  0.97953064D+03  0.14144422D-03  0   7.630   81.014
  1  2     0.005     0.554  0.58849355D+04  0.84978468D-03  0  18.994   43.361
TIM 2016  1  1  0 35 30.0000000  57388   2130.00
  1 30     0.022     0.249  0.13888889D+05  0.20055556D-02  0  59.388  -84.859
  1 28    -0.001    -1.518  0.13888889D+05  0.20055556D-02  0  86.107   16.342
  1 25    -0.017     2.042  0.10385660D+05  0.14996893D-02  0  25.618  -65.553
  1 24    -0.017    -1.155  0.13888889D+05  0.20055556D-02  0  55.484   97.813
  1 20    -0.004     0.077  0.79448011D+04  0.11472293D-02  0  22.220 -177.548
  1 11     0.017    -9.337  0.43448769D+04  0.62740022D-03  0  16.240  103.969
  1  4     0.058   -11.347  0.95203031D+03  0.13747318D-03  0   7.522   81.199
  1  2     0.004    -0.364  0.59807731D+04  0.86362363D-03  0  19.154   43.465
TIM 2016  1  1  0 35  0.0000000  57388   2100.00
  1 30    -0.002     2.147  0.13888889D+05  0.20055556D-02  0  59.328  -84.412
  1 28     0.006    -1.454  0.13888889D+05  0.20055556D-02  0  86.316   14.457
  1 25    -0.004     4.951  0.10241417D+05  0.14788607D-02  0  25.427  -65.653
  1 24    -0.007    -2.175  0.13888889D+05  0.20055556D-02  0  55.682   97.563
  1 20     0.006    -1.808  0.77942665D+04  0.11254921D-02  0  21.997 -177.524
  1 11    -0.002    -5.985  0.44363361D+04  0.64060693D-03  0  16.415  103.822
  1  4    -0.030    14.681  0.92479025D+03  0.13353971D-03  0   7.413   81.383
  1  2     0.011    15.004  0.60770303D+04  0.87752317D-03  0  19.313   43.570
TIM 2016  1  1  0 34 30.0000000  57388   2070.00
  1 30     0.008    -1.819  0.13888889D+05  0.20055556D-02  0  59.267  -83.968
  1 28     0.002     0.091  0.13888889D+05  0.20055556D-02  0  86.521   12.360
  1 25    -0.010     2.858  0.10098133D+05  0.14581705D-02  0  25.236  -65.754
  1 24    -0.012    -2.225  0.13888889D+05  0.20055556D-02  0  55.879   97.311
  1 20     0.003     6.378  0.76450828D+04  0.11039500D-02  0  21.775 -177.500
  1 11     0.017    10.605  0.45286938D+04  0.65394338D-03  0  16.589  103.676
  1  4    -0.079     9.742  0.89781761D+03  0.12964486D-03  0   7.303   81.567
  1  2     0.016     3.105  0.61736952D+04  0.89148158D-03  0  19.473   43.676
TIM 2016  1  1  0 34  0.0000000  57388   2040.00
  1 30    -0.001    -3.031  0.13888889D+05  0.20055556D-02  0  59.203  -83.526
  1 28     0.004     2.952  0.13888889D+05  0.20055556D-02  0  86.721   10.016
  1 25     0.001     4.755  0.99558109D+04  0.14376191D-02  0  25.045  -65.855
  1 24    -0.007     4.373  0.13888889D+05  0.20055556D-02  0  56.076   97.058
  1 20    -0.004     4.639  0.74972563D+04  0.10826038D-02  0  21.553 -177.475
  1 11     0.042     1.569  0.46219476D+04  0.66740924D-03  0  16.764  103.529
  1  4    -0.173    -0.555  0.87111948D+03  0.12578965D-03  0   7.193   81.750
  1  2     0.006     1.041  0.62707557D+04  0.90549713D-03  0  19.631   43.783
TIM 2016  1  1  0 33 30.0000000  57388   2010.00
  1 30     0.011     0.648  0.13888889D+05  0.20055556D-02  0  59.137  -83.087
  1 28    -0.010    -2.758  0.13888889D+05  0.20055556D-02  0  86.916    7.384
  1 25    -0.002    -1.032  0.98144531D+04  0.14172070D-02  0  24.854  -65.956
  1 24    -0.001     3.397  0.13888889D+05  0.20055556D-02  0  56.273   96.803
  1 20    -0.010    -3.821  0.73507931D+04  0.10614545D-02  0  21.331 -177.451
  1 11     0.048    -0.830  0.47160951D+04  0.68100414D-03  0  16.939  103.382
  1  4    -0.174     8.117  0.84470292D+03  0.12197510D-03  1   7.083   81.933
  1  2     0.001     2.623  0.63682000D+04  0.91956809D-03  0  19.790   43.891
TIM 2016  1  1  0 33  0.0000000  57388   1980.00
  1 30     0.013     2.569  0.13888889D+05  0.20055556D-02  0  59.068  -82.650
  1 28     0.001     1.250  0.13888889D+05  0.20055556D-02  0  87.104    4.417
  1 25    -0.021     2.150  0.96740630D+04  0.13969347D-02  0  24.664  -66.057
  1 24    -0.014    -3.031  0.13888889D+05  0.20055556D-02  0  56.470   96.546
  1 20     0.014    12.648  0.72056992D+04  0.10405030D-02  0  21.109 -177.427
  1 11    -0.018     4.279  0.48111337D+04  0.69472771D-03  0  17.114  103.235
  1  2     0.028     4.204  0.64660160D+04  0.93369271D-03  0  19.947   44.001
TIM 2016  1  1  0 32 30.0000000  57388   1950.00
  1 30     0.013    -3.218  0.13888889D+05  0.20055556D-02  0  58.997  -82.216
  1 28    -0.011     2.201  0.13888889D+05  0.20055556D-02  0  87.284    1.060
  1 25    -0.013     4.598  0.95346436D+04  0.13768025D-02  0  24.474  -66.159
  1 24     0.001     2.192  0.13888889D+05  0.20055556D-02  0  56.666   96.288
  1 20     0.008     6.286  0.70619805D+04  0.10197500D-02  0  20.887 -177.402
  1 11    -0.019     7.759  0.49070610D+04  0.70857960D-03  0  17.289  103.088
  1  2     0.017    -8.472  0.65641914D+04  0.94786923D-03  0  20.105   44.111
TIM 2016  1  1  0 32  0.0000000  57388   1920.00
  1 30     0.004     1.446  0.13888889D+05  0.20055556D-02  0  58.924  -81.784
  1 28     0.003    -6.793  0.13888889D+05  0.20055556D-02  0  87.455   -2.747
  1 25    -0.009    -0.614  0.93961976D+04  0.13568109D-02  0  24.284  -66.261
  1 24    -0.008    -3.241  0.13888889D+05  0.20055556D-02  0  56.863   96.028
  1 20     0.007    -3.089  0.69196427D+04  0.99919640D-03  0  20.666 -177.378
  1 11    -0.009     2.111  0.50038742D+04  0.72255944D-03  0  17.465  102.940
  1  2     0.013     3.307  0.66627138D+04  0.96209588D-03  0  20.262   44.222
TIM 2016  1  1  0 31 30.0000000  57388   1890.00
  1 30     0.009    -1.163  0.13888889D+05  0.20055556D-02  0  58.849  -81.356
  1 28     0.008    -3.913  0.13888889D+05  0.20055556D-02  0  87.613   -7.066
  1 25    -0.017     5.187  0.92587278D+04  0.13369603D-02  0  24.094  -66.363
  1 24    -0.018     1.461  0.13888889D+05  0.20055556D-02  0  57.059   95.766
  1 20     0.010     4.052  0.67786911D+04  0.97884299D-03  0  20.445 -177.353
  1 11    -0.004    -2.804  0.51015709D+04  0.73666684D-03  0  17.640  102.792
  1  2     0.019    -1.071  0.67615712D+04  0.97637089D-03  0  20.418   44.335
TIM 2016  1  1  0 31  0.0000000  57388   1860.00
  1 30     0.012    -1.624  0.13888889D+05  0.20055556D-02  0  58.771  -80.930
  1 28     0.003    -1.041  0.13888889D+05  0.20055556D-02  0  87.757  -11.956
  1 25    -0.018     3.009  0.91222370D+04  0.13172510D-02  0  23.905  -66.466
  1 24    -0.015     1.645  0.13888889D+05  0.20055556D-02  0  57.256   95.503
  1 20     0.008     2.175  0.66391313D+04  0.95869055D-03  0  20.224 -177.328
  1 11    -0.003     3.537  0.52001484D+04  0.75090143D-03  0  17.815  102.644
  1  2     0.018    -5.593  0.68607511D+04  0.99069246D-03  0  20.574   44.448
TIM 2016  1  1  0 30 30.0000000  57388   1830.00
  1 30     0.015    -2.028  0.13888889D+05  0.20055556D-02  0  58.692  -80.507
  1 28    -0.000    -3.327  0.13888889D+05  0.20055556D-02  0  87.883  -17.461
  1 25    -0.015     5.902  0.89867279D+04  0.12976835D-02  0  23.715  -66.569
  1 24    -0.013     1.615  0.13888889D+05  0.20055556D-02  0  57.452   95.238
  1 20    -0.000     8.086  0.65009683D+04  0.93873982D-03  0  20.004 -177.303
  1 11     0.013     3.618  0.52996040D+04  0.76526282D-03  0  17.990  102.495
  1  2     0.007    -9.669  0.69602411D+04  0.10050588D-02  0  20.729   44.563
TIM 2016  1  1  0 30  0.0000000  57388   1800.00
  1 30     0.008     1.590  0.13888889D+05  0.20055556D-02  0  58.610  -80.086
  1 28     0.004    -2.309  0.13888889D+05  0.20055556D-02  0  87.988  -23.592
  1 25    -0.005    -5.106  0.88522028D+04  0.12782581D-02  0  23.527  -66.672
  1 24    -0.015    -2.532  0.13888889D+05  0.20055556D-02  0  57.648   94.971
  1 20     0.008     8.042  0.63642074D+04  0.91899155D-03  0  19.783 -177.278
  1 13    -0.075    -1.283  0.85431033D+03  0.12336241D-03  0   7.123 -137.066
  1 11     0.015    -3.104  0.53999351D+04  0.77975063D-03  0  18.166  102.346
  1  2     0.002   -10.362  0.70600285D+04  0.10194681D-02  0  20.884   44.679
TIM 2016  1  1  0 29 30.0000000  57388   1770.00
  1 30     0.005    -5.431  0.13888889D+05  0.20055556D-02  0  58.526  -79.669
  1 28    -0.001    -2.148  0.13888889D+05  0.20055556D-02  0  88.069  -30.309
  1 25    -0.010    16.191  0.87186644D+04  0.12589751D-02  0  23.338  -66.775
  1 24    -0.004    -1.536  0.13888889D+05  0.20055556D-02  0  57.843   94.702
  1 20     0.021    -1.820  0.62288533D+04  0.89944642D-03  0  19.563 -177.253
  1 13    -0.039     8.604  0.89666219D+03  0.12947802D-03  0   7.299 -136.938
  1 11    -0.024    -7.317  0.55011389D+04  0.79436446D-03  0  18.341  102.197
  1  2     0.020    -1.894  0.71601010D+04  0.10339186D-02  0  21.039   44.796
TIM 2016  1  1  0 29  0.0000000  57388   1740.00
  1 30     0.018    -0.249  0.13888889D+05  0.20055556D-02  0  58.439  -79.255
  1 28    -0.004    -3.395  0.13888889D+05  0.20055556D-02  0  88.122  -37.504
  1 25    -0.021    -3.945  0.85861151D+04  0.12398350D-02  0  23.149  -66.879
  1 24    -0.011     0.589  0.13888889D+05  0.20055556D-02  0  58.039   94.431
  1 20     0.008     5.668  0.60949109D+04  0.88010514D-03  0  19.343 -177.228
  1 13     0.000    10.245  0.94006886D+03  0.13574594D-03  0   7.474 -136.809
  1 11    -0.003    -0.534  0.56032127D+04  0.80910391D-03  0  18.517  102.048
  1  2     0.016     7.931  0.72604457D+04  0.10484084D-02  0  21.193   44.913
TIM 2016  1  1  0 28 30.0000000  57388   1710.00
  1 30     0.016    -0.509  0.13888889D+05  0.20055556D-02  0  58.351  -78.843
  1 28    -0.002    -5.260  0.13888889D+05  0.20055556D-02  0  88.145  -44.996
  1 25    -0.018     0.913  0.84545572D+04  0.12208381D-02  0  22.961  -66.983
  1 24    -0.014     2.350  0.13888889D+05  0.20055556D-02  0  58.234   94.159
  1 20     0.015     8.680  0.59623848D+04  0.86096837D-03  0  19.123 -177.203
  1 13    -0.044    -1.108  0.98453117D+03  0.14216630D-03  0   7.650 -136.680
  1 11    -0.002     3.900  0.57061536D+04  0.82396858D-03  0  18.692  101.899
  1  2     0.015    -4.299  0.73610500D+04  0.10629356D-02  0  21.346   45.033
TIM 2016  1  1  0 28  0.0000000  57388   1680.00
  1 30     0.015     0.512  0.13888889D+05  0.20055556D-02  0  58.261  -78.435
  1 28     0.008    -2.160  0.13888889D+05  0.20055556D-02  0  88.137  -52.551
  1 25    -0.024    20.995  0.83239930D+04  0.12019846D-02  0  22.773  -67.087
  1 24    -0.023     1.971  0.13888889D+05  0.20055556D-02  0  58.430   93.884
  1 20     0.004     3.743  0.58312795D+04  0.84203676D-03  0  18.904 -177.177
  1 13     0.018     2.587  0.10300498D+04  0.14873919D-03  0   7.826 -136.552
  1 11     0.007    -0.595  0.58099589D+04  0.83895807D-03  0  18.868  101.749
  1  2     0.017    -2.129  0.74619012D+04  0.10774985D-02  0  21.499   45.153
TIM 2016  1  1  0 27 30.0000000  57388   1650.00
  1 30     0.013     0.713  0.13888889D+05  0.20055556D-02  0  58.168  -78.030
  1 28     0.008     1.903  0.13888889D+05  0.20055556D-02  0  88.098  -59.924
  1 25    -0.019     1.377  0.81944248D+04  0.11832749D-02  0  22.585  -67.192
  1 24    -0.026     0.387  0.13888889D+05  0.20055556D-02  0  58.625   93.608
  1 20     0.045     4.381  0.57015993D+04  0.82331094D-03  0  18.685 -177.152
  1 13    -0.136     2.580  0.10766252D+04  0.15546468D-03  0   8.002 -136.423
  1 11    -0.015     0.615  0.59146258D+04  0.85407196D-03  0  19.044  101.599
  1  2     0.029     1.312  0.75629863D+04  0.10920952D-02  0  21.652   45.274
TIM 2016  1  1  0 27  0.0000000  57388   1620.00
  1 30     0.007     1.099  0.13888889D+05  0.20055556D-02  0  58.074  -77.628
  1 28    -0.007    -1.784  0.13888889D+05  0.20055556D-02  0  88.030  -66.903
  1 25    -0.012     5.601  0.80658545D+04  0.11647094D-02  0  22.398  -67.297
  1 24     0.000    -0.546  0.13888889D+05  0.20055556D-02  0  58.819   93.329
  1 20     0.036     6.819  0.55733482D+04  0.80479149D-03  0  18.466 -177.126
  1 13    -0.065    -1.171  0.11242579D+04  0.16234284D-03  0   8.178 -136.294
  1 11    -0.036    -8.728  0.60201513D+04  0.86930984D-03  0  19.219  101.449
  1  2     0.024    -1.778  0.76642927D+04  0.11067239D-02  0  21.804   45.396
TIM 2016  1  1  0 26 30.0000000  57388   1590.00
  1 30     0.008    -2.690  0.13888889D+05  0.20055556D-02  0  57.977  -77.229
  1 28    -0.003    -3.757  0.13888889D+05  0.20055556D-02  0  87.935  -73.342
  1 25    -0.026    -0.850  0.79382844D+04  0.11462883D-02  0  22.210  -67.402
  1 24    -0.003     0.169  0.13888889D+05  0.20055556D-02  0  59.014   93.049
  1 20     0.030     0.246  0.54465305D+04  0.78647901D-03  0  18.247 -177.100
  1 13     0.021    -8.928  0.11729482D+04  0.16937371D-03  0   8.355 -136.164
  1 11    -0.046     0.447  0.61265325D+04  0.88467129D-03  0  19.395  101.298
  1  2     0.036     9.545  0.77658071D+04  0.11213825D-02  0  21.955   45.520
TIM 2016  1  1  0 26  0.0000000  57388   1560.00
  1 30     0.004    -1.462  0.13888889D+05  0.20055556D-02  0  57.879  -76.834
  1 28     0.009    -3.505  0.13888889D+05  0.20055556D-02  0  87.818  -79.166
  1 25    -0.013    -6.720  0.78117166D+04  0.11280119D-02  0  22.023  -67.507
  1 24    -0.015    -0.611  0.13888889D+05  0.20055556D-02  0  59.209   92.767
  1 20     0.018    -1.298  0.53211499D+04  0.76837405D-03  0  18.028 -177.074
  1 13    -0.025     4.549  0.12226961D+04  0.17655732D-03  0   8.531 -136.035
  1 11    -0.009    -3.425  0.62337664D+04  0.90015586D-03  0  19.571  101.148
  1  2     0.017    -4.243  0.78675168D+04  0.11360694D-02  0  22.106   45.644
TIM 2016  1  1  0 25 30.0000000  57388   1530.00
  1 30     0.017    -7.079  0.13888889D+05  0.20055556D-02  0  57.778  -76.441
  1 28     0.010    -3.981  0.13888889D+05  0.20055556D-02  0  87.681  -84.364
  1 25    -0.028     2.716  0.76861527D+04  0.11098805D-02  0  21.836  -67.613
  1 24    -0.027     3.795  0.13888889D+05  0.20055556D-02  0  59.403   92.482
  1 20    -0.008     7.521  0.51972101D+04  0.75047714D-03  0  17.810 -177.048
  1 13     0.043     7.088  0.12735018D+04  0.18389366D-03  0   8.708 -135.905
  1 11     0.019     0.318  0.63418501D+04  0.91576316D-03  0  19.747  100.997
  1  2     0.011    -9.134  0.79694086D+04  0.11507826D-02  0  22.256   45.770
TIM 2016  1  1  0 25  0.0000000  57388   1500.00
  1 30     0.001     2.760  0.13888889D+05  0.20055556D-02  0  57.676  -76.052
  1 28     0.013    -7.068  0.13888889D+05  0.20055556D-02  0  87.527  -88.966
  1 25    -0.020    15.463  0.75615949D+04  0.10918943D-02  0  21.650  -67.719
  1 24    -0.016     3.030  0.13888889D+05  0.20055556D-02  0  59.597   92.195
  1 20    -0.010     5.684  0.50747147D+04  0.73278881D-03  0  17.592 -177.022
  1 13     0.083   -20.363  0.13253651D+04  0.19138272D-03  0   8.885 -135.775
  1 11    -0.001    -2.863  0.64507807D+04  0.93149274D-03  0  19.923  100.845
  1  2     0.014    -8.180  0.80714696D+04  0.11655202D-02  0  22.406   45.897
TIM 2016  1  1  0 24 30.0000000  57388   1470.00
  1 30     0.012     0.863  0.13888889D+05  0.20055556D-02  0  57.571  -75.667
  1 28    -0.008    -4.692  0.13888889D+05  0.20055556D-02  0  87.361  -93.024
  1 25    -0.013     6.831  0.74380449D+04  0.10740537D-02  0  21.463  -67.825
  1 24     0.002    -1.121  0.13888889D+05  0.20055556D-02  0  59.791   91.907
  1 20    -0.019     1.322  0.49536672D+04  0.71530955D-03  0  17.374 -176.996
  1 13     0.065    -1.068  0.13782858D+04  0.19902447D-03  0   9.062 -135.645
  1 11     0.007    11.186  0.65605550D+04  0.94734415D-03  0  20.099  100.694
  1  2    -0.001     2.072  0.81736865D+04  0.11802803D-02  0  22.555   46.025
TIM 2016  1  1  0 24  0.0000000  57388   1440.00
  1 30     0.008     2.109  0.13888889D+05  0.20055556D-02  0  57.465  -75.284
  1 28     0.002    -2.231  0.13888889D+05  0.20055556D-02  0  87.183  -96.600
  1 25    -0.017    -4.693  0.73155044D+04  0.10563588D-02  0  21.277  -67.932
  1 24    -0.008     0.054  0.13888889D+05  0.20055556D-02  0  59.984   91.616
  1 20    -0.017     4.750  0.48340708D+04  0.69803982D-03  0  17.156 -176.969
  1 13     0.066   -20.621  0.14322635D+04  0.20681884D-03  0   9.240 -135.515
  1 11     0.007     0.717  0.66711700D+04  0.96331695D-03  0  20.275  100.542
  1  2     0.005    12.392  0.82760461D+04  0.11950611D-02  0  22.704   46.154
TIM 2016  1  1  0 23 30.0000000  57388   1410.00
  1 30    -0.003     1.217  0.13888889D+05  0.20055556D-02  0  57.357  -74.905
  1 28     0.028    -1.938  0.13888889D+05  0.20055556D-02  0  86.996  -99.756
  1 25    -0.034    -5.261  0.71939752D+04  0.10388100D-02  0  21.091  -68.038
  1 24    -0.030    -3.806  0.13888889D+05  0.20055556D-02  0  60.178   91.322
  1 20     0.005     3.904  0.47159285D+04  0.68098008D-03  0  16.939 -176.943
  1 13     0.084    11.245  0.14872976D+04  0.21476578D-03  0   9.417 -135.385
  1 11    -0.018     2.434  0.67826225D+04  0.97941069D-03  0  20.451  100.390
  1  2     0.034     1.110  0.83785353D+04  0.12098605D-02  0  22.852   46.284
TIM 2016  1  1  0 23  0.0000000  57388   1380.00
  1 30    -0.000    -2.803  0.13888889D+05  0.20055556D-02  0  57.246  -74.529
  1 28     0.016    -0.555  0.13888889D+05  0.20055556D-02  0  86.801 -102.549
  1 25    -0.060     5.906  0.70734588D+04  0.10214075D-02  0  20.905  -68.145
  1 24    -0.013    -3.726  0.13888889D+05  0.20055556D-02  0  60.371   91.027
  1 20    -0.000     3.027  0.45992435D+04  0.66413076D-03  0  16.722 -176.916
  1 13     0.205   -12.468  0.15433877D+04  0.22286518D-03  0   9.595 -135.254
  1 11    -0.058     1.876  0.68949095D+04  0.99562493D-03  0  20.627  100.238
  1  2     0.056     1.708  0.84811407D+04  0.12246767D-02  0  22.999   46.416
TIM 2016  1  1  0 22 30.0000000  57388   1350.00
  1 30     0.023    -0.851  0.13888889D+05  0.20055556D-02  0  57.135  -74.157
  1 28    -0.001    -7.348  0.13888889D+05  0.20055556D-02  0  86.600 -105.030
  1 25    -0.008    12.638  0.69539570D+04  0.10041514D-02  0  20.720  -68.253
  1 24    -0.023    -1.688  0.13888889D+05  0.20055556D-02  0  60.564   90.729
  1 20     0.034    14.628  0.44840187D+04  0.64749230D-03  0  16.505 -176.889
  1 13    -0.132    11.614  0.16005329D+04  0.23111695D-03  0   9.772 -135.123
  1 11     0.022    -3.194  0.70080278D+04  0.10119592D-02  0  20.804  100.086
  1  2    -0.001    -1.909  0.85838490D+04  0.12395078D-02  0  23.146   46.548
TIM 2016  1  1  0 22  0.0000000  57388   1320.00
  1 30     0.003    -0.111  0.13888889D+05  0.20055556D-02  0  57.021  -73.788
  1 28    -0.003     2.452  0.13888889D+05  0.20055556D-02  0  86.394 -107.245
  1 25    -0.030     1.791  0.68354709D+04  0.98704200D-03  0  20.534  -68.360
  1 24     0.005     3.257  0.13888889D+05  0.20055556D-02  0  60.757   90.429
  1 20    -0.038    -4.138  0.43702565D+04  0.63106504D-03  0  16.288 -176.862
  1 13     0.164    -0.419  0.16587322D+04  0.23952093D-03  0   9.950 -134.992
  1 11    -0.014    -6.237  0.71219741D+04  0.10284131D-02  0  20.980   99.933
  1  2     0.014    -0.295  0.86866469D+04  0.12543518D-02  0  23.292   46.682
TIM 2016  1  1  0 21 30.0000000  57388   1290.00
  1 30    -0.002     0.869  0.13888889D+05  0.20055556D-02  0  56.905  -73.423
  1 28     0.010    -2.936  0.13888889D+05  0.20055556D-02  0  86.183 -109.229
  1 25    -0.014    -4.254  0.67180023D+04  0.97007953D-03  0  20.349  -68.468
  1 24    -0.008     2.816  0.13888889D+05  0.20055556D-02  0  60.949   90.127
  1 20    -0.026    -3.907  0.42579598D+04  0.61484939D-03  0  16.072 -176.834
  1 13     0.079    -3.756  0.17179847D+04  0.24807698D-03  0  10.128 -134.861
  1 11     0.003     6.410  0.72367453D+04  0.10449860D-02  0  21.157   99.780
  1  2     0.006    -3.354  0.87895208D+04  0.12692068D-02  0  23.438   46.816
TIM 2016  1  1  0 21  0.0000000  57388   1260.00
  1 30    -0.009    -0.963  0.13888889D+05  0.20055556D-02  0  56.788  -73.061
  1 28    -0.001    -1.966  0.13888889D+05  0.20055556D-02  0  85.969 -111.016
  1 25     0.024    -6.180  0.66015524D+04  0.95326417D-03  0  20.164  -68.576
  1 24     0.009     2.537  0.13888889D+05  0.20055556D-02  0  61.141   89.822
  1 20    -0.021    16.826  0.41471306D+04  0.59884566D-03  0  15.856 -176.807
  1 13    -0.006    -4.494  0.17782890D+04  0.25678493D-03  0  10.306 -134.730
  1 11     0.016    -5.389  0.73523381D+04  0.10616776D-02  0  21.333   99.627
  1  2    -0.019    -1.649  0.88924576D+04  0.12840709D-02  0  23.583   46.952
TIM 2016  1  1  0 20 30.0000000  57388   1230.00
  1 30     0.003     0.698  0.13888889D+05  0.20055556D-02  0  56.669  -72.702
  1 28     0.002    -1.693  0.13888889D+05  0.20055556D-02  0  85.751 -112.633
  1 25    -0.015     5.900  0.64861226D+04  0.93659611D-03  0  19.980  -68.684
  1 24    -0.004     2.184  0.13888889D+05  0.20055556D-02  0  61.333   89.515
  1 20    -0.046    -7.648  0.40377714D+04  0.58305420D-03  0  15.640 -176.779
  1 13     0.097    -8.495  0.18396440D+04  0.26564459D-03  0  10.485 -134.598
  1 11     0.014     0.651  0.74687492D+04  0.10784874D-02  0  21.510   99.473
  1  2    -0.002     9.342  0.89954437D+04  0.12989421D-02  0  23.728   47.089
TIM 2016  1  1  0 20  0.0000000  57388   1200.00
  1 30     0.002     0.923  0.13888889D+05  0.20055556D-02  0  56.548  -72.347
  1 28     0.007    -3.120  0.13888889D+05  0.20055556D-02  0  85.530 -114.102
  1 25    -0.040     1.418  0.63717142D+04  0.92007552D-03  0  19.795  -68.793
  1 24    -0.008     0.345  0.13888889D+05  0.20055556D-02  0  61.525   89.205
  1 20     0.042    -7.137  0.39298844D+04  0.56747531D-03  0  15.424 -176.752
  1 13     0.041     0.076  0.19020481D+04  0.27465574D-03  0  10.663 -134.466
  1 11    -0.050     1.428  0.75859752D+04  0.10954148D-02  0  21.686   99.319
  1  2     0.043     0.464  0.90984654D+04  0.13138184D-02  0  23.872   47.228
TIM 2016  1  1  0 19 30.0000000  57388   1170.00
  1 30     0.005    -2.336  0.13888889D+05  0.20055556D-02  0  56.425  -71.996
  1 28    -0.002    -0.824  0.13888889D+05  0.20055556D-02  0  85.308 -115.443
  1 25    -0.049     3.153  0.62583282D+04  0.90370259D-03  0  19.611  -68.901
  1 24     0.002     0.738  0.13888889D+05  0.20055556D-02  0  61.716   88.893
  1 20    -0.015    12.429  0.38234715D+04  0.55210928D-03  0  15.209 -176.724
  1 13     0.144    -5.695  0.19654997D+04  0.28381816D-03  0  10.842 -134.334
  1 11    -0.037    -1.886  0.77040128D+04  0.11124594D-02  0  21.863   99.166
  1  2     0.033    -0.469  0.92015094D+04  0.13286980D-02  0  24.015   47.367
TIM 2016  1  1  0 19  0.0000000  57388   1140.00
  1 30     0.006     1.909  0.13888889D+05  0.20055556D-02  0  56.301  -71.648
  1 28     0.006    -5.570  0.13888889D+05  0.20055556D-02  0  85.083 -116.672
  1 25    -0.038     8.880  0.61459659D+04  0.88747748D-03  0  19.427  -69.010
  1 24    -0.012     3.279  0.13888889D+05  0.20055556D-02  0  61.908   88.578
  1 20     0.002     3.073  0.37185344D+04  0.53695637D-03  0  14.994 -176.695
  1 13     0.069    -1.582  0.20299972D+04  0.29313159D-03  0  11.020 -134.201
  1 11    -0.020     8.154  0.78228587D+04  0.11296208D-02  0  22.040   99.011
  1  2     0.026     4.274  0.93045620D+04  0.13435788D-02  0  24.157   47.507
TIM 2016  1  1  0 18 30.0000000  57388   1110.00
  1 30     0.010    -3.192  0.13888889D+05  0.20055556D-02  0  56.175  -71.303
  1 28     0.006    -3.224  0.13888889D+05  0.20055556D-02  0  84.856 -117.802
  1 25     0.006     0.292  0.60346285D+04  0.87140036D-03  0  19.243  -69.119
  1 24    -0.019     3.307  0.13888889D+05  0.20055556D-02  0  62.098   88.260
  1 20     0.064     9.265  0.36150749D+04  0.52201682D-03  0  14.779 -176.667
  1 13    -0.133    22.070  0.20955385D+04  0.30259575D-03  0  11.199 -134.068
  1 11     0.005     3.189  0.79425092D+04  0.11468983D-02  0  22.216   98.857
  1  2     0.002    -2.674  0.94076097D+04  0.13584588D-02  0  24.299   47.649
TIM 2016  1  1  0 18  0.0000000  57388   1080.00
  1 30     0.006     1.286  0.13888889D+05  0.20055556D-02  0  56.048  -70.962
  1 28    -0.005    -3.399  0.13888889D+05  0.20055556D-02  0  84.627 -118.846
  1 25    -0.040     8.625  0.59243168D+04  0.85547135D-03  0  19.060  -69.229
  1 24     0.003     1.727  0.13888889D+05  0.20055556D-02  0  62.289   87.940
  1 20    -0.032    -0.808  0.35130945D+04  0.50729084D-03  0  14.564 -176.639
  1 13     0.119   -14.550  0.21621215D+04  0.31221035D-03  0  11.378 -133.935
  1 11    -0.017    -0.136  0.80629612D+04  0.11642916D-02  0  22.393   98.702
  1  2     0.018     6.607  0.95106389D+04  0.13733363D-02  0  24.441   47.792
TIM 2016  1  1  0 17 30.0000000  57388   1050.00
  1 30     0.012    -1.184  0.13888889D+05  0.20055556D-02  0  55.919  -70.625
  1 28     0.001    -4.024  0.13888889D+05  0.20055556D-02  0  84.397 -119.814
  1 25    -0.000    -3.962  0.58150319D+04  0.83969060D-03  0  18.876  -69.339
  1 24    -0.014    -0.705  0.13888889D+05  0.20055556D-02  0  62.479   87.617
  1 20     0.081    26.767  0.34125948D+04  0.49277869D-03  0  14.350 -176.610
  1 13    -0.126    21.466  0.22297444D+04  0.32197509D-03  0  11.557 -133.802
  1 11    -0.007    -3.528  0.81842110D+04  0.11818001D-02  0  22.570   98.547
  1  2     0.008     4.102  0.96136357D+04  0.13882090D-02  0  24.582   47.936
TIM 2016  1  1  0 17  0.0000000  57388   1020.00
  1 30    -0.001    -0.877  0.13888889D+05  0.20055556D-02  0  55.788  -70.290
  1 28     0.007    -6.144  0.13888889D+05  0.20055556D-02  0  84.166 -120.713
  1 25    -0.016     2.662  0.57067746D+04  0.82405825D-03  0  18.693  -69.448
  1 24    -0.007    -0.548  0.13888889D+05  0.20055556D-02  0  62.670   87.291
  1 20    -0.042    10.744  0.33135768D+04  0.47848049D-03  0  14.136 -176.581
  1 13     0.072   -14.493  0.22984045D+04  0.33188961D-03  0  11.736 -133.668
  1 11     0.005    -0.232  0.83062552D+04  0.11994233D-02  0  22.747   98.392
  1  2     0.004    -0.551  0.97165868D+04  0.14030751D-02  0  24.722   48.081
TIM 2016  1  1  0 16 30.0000000  57388    990.00
  1 30    -0.002    -3.989  0.13888889D+05  0.20055556D-02  0  55.656  -69.960
  1 28     0.023    -4.262  0.13888889D+05  0.20055556D-02  0  83.934 -121.552
  1 25     0.003     8.101  0.55995459D+04  0.80857443D-03  0  18.510  -69.559
  1 24    -0.029    -0.316  0.13888889D+05  0.20055556D-02  0  62.859   86.963
  1 20    -0.026    -0.579  0.32160418D+04  0.46439644D-03  0  13.922 -176.552
  1 13    -0.012    23.821  0.23680995D+04  0.34195357D-03  0  11.915 -133.535
  1 11     0.031   -12.278  0.84290901D+04  0.12171606D-02  0  22.924   98.237
  1  2    -0.007    -2.239  0.98194783D+04  0.14179327D-02  0  24.861   48.227
TIM 2016  1  1  0 16  0.0000000  57388    960.00
  1 30     0.012    -3.709  0.13888889D+05  0.20055556D-02  0  55.522  -69.633
  1 28     0.015    -0.972  0.13888889D+05  0.20055556D-02  0  83.701 -122.337
  1 25    -0.022     4.091  0.54933466D+04  0.79323925D-03  0  18.328  -69.669
  1 24    -0.031     0.795  0.13888889D+05  0.20055556D-02  0  63.049   86.631
  1 20     0.008   -12.060  0.31199908D+04  0.45052667D-03  0  13.708 -176.523
  1 13    -0.020    11.738  0.24388268D+04  0.35216659D-03  0  12.094 -133.400
  1 11     0.016    -2.672  0.85527122D+04  0.12350116D-02  0  23.102   98.081
  1  2     0.006    -3.870  0.99222966D+04  0.14327796D-02  0  25.000   48.375
TIM 2016  1  1  0 15 30.0000000  57388    930.00
  1 30    -0.022    -2.231  0.13888889D+05  0.20055556D-02  0  55.386  -69.309
  1 28     0.026    -0.150  0.13888889D+05  0.20055556D-02  0  83.467 -123.073
  1 25    -0.021    -0.084  0.53881773D+04  0.77805280D-03  0  18.145  -69.780
  1 24    -0.012     4.344  0.13888889D+05  0.20055556D-02  0  63.238   86.297
  1 20    -0.147    -0.285  0.30254246D+04  0.43687131D-03  0  13.495 -176.493
  1 13     0.189     7.269  0.25105835D+04  0.36252826D-03  0  12.274 -133.266
  1 11     0.016    -5.459  0.86771180D+04  0.12529758D-02  0  23.279   97.925
  1  2     0.005     6.074  0.10025028D+05  0.14476140D-02  0  25.138   48.524
TIM 2016  1  1  0 15  0.0000000  57388    900.00
  1 30    -0.004    -3.602  0.13888889D+05  0.20055556D-02  0  55.250  -68.989
  1 28     0.008    -0.100  0.13888889D+05  0.20055556D-02  0  83.231 -123.765
  1 25    -0.006    -0.865  0.52840389D+04  0.76301521D-03  0  17.963  -69.890
  1 24    -0.005     3.880  0.13888889D+05  0.20055556D-02  0  63.427   85.959
  1 20     0.013     4.714  0.29323439D+04  0.42343046D-03  0  13.282 -176.463
  1 13     0.003    15.120  0.25833669D+04  0.37303818D-03  0  12.453 -133.131
  1 11    -0.010    -3.001  0.88023037D+04  0.12710526D-02  0  23.456   97.769
  1  2     0.010     2.015  0.10127658D+05  0.14624339D-02  0  25.275   48.673
TIM 2016  1  1  0 14 30.0000000  57388    870.00
  1 30    -0.017    -0.093  0.13888889D+05  0.20055556D-02  0  55.111  -68.673
  1 28     0.012    -3.326  0.13888889D+05  0.20055556D-02  0  82.996 -124.418
  1 25    -0.020     5.753  0.51809319D+04  0.74812656D-03  0  17.781  -70.001
  1 24     0.003    -1.273  0.13888889D+05  0.20055556D-02  0  63.615   85.619
  1 20    -0.051    14.335  0.28407493D+04  0.41020419D-03  0  13.069 -176.434
  1 13     0.106   -11.953  0.26571737D+04  0.38369588D-03  0  12.633 -132.996
  1 11    -0.021     0.784  0.89282656D+04  0.12892416D-02  0  23.634   97.612
  1  2     0.020    -0.347  0.10230175D+05  0.14772372D-02  0  25.412   48.824
TIM 2016  1  1  0 14  0.0000000  57388    840.00
  1 30     0.009    -2.416  0.13888889D+05  0.20055556D-02  0  54.971  -68.360
  1 28     0.008    -0.911  0.13888889D+05  0.20055556D-02  0  82.759 -125.036
  1 25     0.002     9.126  0.50788570D+04  0.73338695D-03  0  17.599  -70.113
  1 24    -0.021    -0.022  0.13888889D+05  0.20055556D-02  0  63.803   85.275
  1 20    -0.090    -4.309  0.27506413D+04  0.39719260D-03  0  12.857 -176.403
  1 13     0.026    19.487  0.27320010D+04  0.39450094D-03  0  12.812 -132.861
  1 11     0.051    -3.275  0.90550001D+04  0.13075420D-02  0  23.811   97.455
  1  2    -0.024     3.175  0.10332563D+05  0.14920220D-02  0  25.548   48.977
TIM 2016  1  1  0 13 30.0000000  57388    810.00
  1 30    -0.020     2.858  0.13888889D+05  0.20055556D-02  0  54.830  -68.050
  1 28     0.000     0.186  0.13888889D+05  0.20055556D-02  0  82.522 -125.620
  1 25     0.012     5.924  0.49778146D+04  0.71879643D-03  0  17.418  -70.224
  1 24     0.018    -1.230  0.13888889D+05  0.20055556D-02  0  63.991   84.929
  1 20    -0.121     2.703  0.26620201D+04  0.38439570D-03  0  12.644 -176.373
  1 13     0.114   -13.247  0.28078450D+04  0.40545282D-03  0  12.992 -132.725
  1 11     0.009     1.102  0.91825034D+04  0.13259535D-02  0  23.988   97.298
  1  2    -0.010    -0.828  0.10434809D+05  0.15067864D-02  0  25.683   49.130
TIM 2016  1  1  0 13  0.0000000  57388    780.00
  1 30     0.017    -2.507  0.13888889D+05  0.20055556D-02  0  54.688  -67.744
  1 28     0.002    -1.262  0.13888889D+05  0.20055556D-02  0  82.284 -126.175
  1 25     0.011     9.493  0.48778054D+04  0.70435511D-03  0  17.236  -70.336
  1 24    -0.020    -1.510  0.13888889D+05  0.20055556D-02  0  64.179   84.579
  1 20     0.012    -0.044  0.25748860D+04  0.37181354D-03  0  12.432 -176.343
  1 13    -0.070    21.687  0.28847027D+04  0.41655107D-03  0  13.172 -132.589
  1 11     0.035     0.050  0.93107717D+04  0.13444754D-02  0  24.166   97.141
  1  2    -0.020     5.056  0.10536899D+05  0.15215282D-02  0  25.817   49.284
TIM 2016  1  1  0 12 30.0000000  57388    750.00
  1 30    -0.003    -4.369  0.13888889D+05  0.20055556D-02  0  54.544  -67.441
  1 28     0.013     1.592  0.13888889D+05  0.20055556D-02  0  82.046 -126.704
  1 25     0.006     9.319  0.47788297D+04  0.69006301D-03  0  17.055  -70.448
  1 24    -0.015     5.738  0.13888889D+05  0.20055556D-02  0  64.366   84.226
  1 20     0.004     9.269  0.24892390D+04  0.35944611D-03  0  12.221 -176.312
  1 13    -0.021   -13.386  0.29625702D+04  0.42779514D-03  0  13.352 -132.453
  1 11     0.008     0.688  0.94398012D+04  0.13631073D-02  0  24.344   96.984
  1  2     0.000    -8.211  0.10638820D+05  0.15362456D-02  0  25.951   49.440
TIM 2016  1  1  0 12  0.0000000  57388    720.00
  1 30    -0.018    -0.332  0.13888889D+05  0.20055556D-02  0  54.398  -67.142
  1 28     0.025    -2.371  0.13888889D+05  0.20055556D-02  0  81.807 -127.207
  1 25     0.002    11.086  0.46808879D+04  0.67592021D-03  0  16.874  -70.560
  1 24    -0.015     2.502  0.13888889D+05  0.20055556D-02  0  64.552   83.869
  1 20    -0.063     3.021  0.24050791D+04  0.34729342D-03  0  12.009 -176.281
  1 13     0.046    13.441  0.30414437D+04  0.43918447D-03  0  13.531 -132.316
  1 11     0.005     0.886  0.95695881D+04  0.13818485D-02  0  24.521   96.826
  1  2     0.007    -7.187  0.10740557D+05  0.15509364D-02  0  26.084   49.597
TIM 2016  1  1  0 11 30.0000000  57388    690.00
  1 30    -0.009    -2.981  0.13888889D+05  0.20055556D-02  0  54.251  -66.847
  1 28     0.023    -2.687  0.13888889D+05  0.20055556D-02  0  81.568 -127.687
  1 25    -0.036    -6.753  0.45839803D+04  0.66192676D-03  0  16.693  -70.672
  1 24    -0.022     3.835  0.13888889D+05  0.20055556D-02  0  64.739   83.509
  1 20    -0.037     2.008  0.23224059D+04  0.33535541D-03  0  11.798 -176.250
  1 13     0.063     3.133  0.31213193D+04  0.45071850D-03  0  13.711 -132.179
  1 11    -0.011     4.271  0.97001286D+04  0.14006986D-02  0  24.699   96.668
  1  2     0.025   -13.438  0.10842098D+05  0.15655989D-02  0  26.217   49.755
TIM 2016  1  1  0 11  0.0000000  57388    660.00
  1 30    -0.002     0.801  0.13888889D+05  0.20055556D-02  0  54.103  -66.554
  1 28     0.024     1.157  0.13888889D+05  0.20055556D-02  0  81.328 -128.147
  1 25     0.073     5.082  0.44881074D+04  0.64808271D-03  0  16.513  -70.785
  1 24    -0.025     0.090  0.13888889D+05  0.20055556D-02  0  64.925   83.146
  1 20     0.091    -4.380  0.22412192D+04  0.32363205D-03  1  11.587 -176.218
  1 13    -0.163    10.415  0.32021929D+04  0.46239666D-03  0  13.891 -132.042
  1 11     0.032     3.851  0.98314185D+04  0.14196568D-02  0  24.877   96.510
  1  2    -0.024    -0.365  0.10943427D+05  0.15802309D-02  0  26.348   49.914
TIM 2016  1  1  0 10 30.0000000  57388    630.00
  1 30    -0.019    -1.280  0.13888889D+05  0.20055556D-02  0  53.954  -66.265
  1 28     0.016     2.162  0.13888889D+05  0.20055556D-02  0  81.088 -128.588
  1 25    -0.035    -1.754  0.43932692D+04  0.63438807D-03  0  16.332  -70.898
  1 24    -0.002    -1.095  0.13888889D+05  0.20055556D-02  0  65.110   82.779
  1 13     0.068   -12.939  0.32840600D+04  0.47421827D-03  0  14.071 -131.904
  1 11    -0.041    -0.644  0.99634542D+04  0.14387228D-02  0  25.055   96.351
  1  2     0.038    -1.663  0.11044532D+05  0.15948305D-02  0  26.479   50.075
TIM 2016  1  1  0 10  0.0000000  57388    600.00
  1 30     0.001     0.724  0.13888889D+05  0.20055556D-02  0  53.803  -65.980
  1 28     0.009     0.460  0.13888889D+05  0.20055556D-02  0  80.847 -129.010
  1 25     0.002    -1.465  0.42994660D+04  0.62084289D-03  0  16.152  -71.011
  1 24    -0.013    -0.231  0.13888889D+05  0.20055556D-02  0  65.295   82.409
  1 13    -0.016    24.581  0.33669167D+04  0.48618277D-03  0  14.252 -131.766
  1 11     0.009    -2.987  0.10096232D+05  0.14578958D-02  0  25.233   96.193
  1  2    -0.002    -1.158  0.11145399D+05  0.16093956D-02  0  26.609   50.236
TIM 2016  1  1  0  9 30.0000000  57388    570.00
  1 30    -0.014     0.082  0.13888889D+05  0.20055556D-02  0  53.651  -65.698
  1 28     0.017     0.407  0.13888889D+05  0.20055556D-02  0  80.606 -129.416
  1 25     0.041     4.231  0.42066980D+04  0.60744719D-03  0  15.972  -71.124
  1 24    -0.008     1.888  0.13888889D+05  0.20055556D-02  0  65.480   82.034
  1 13    -0.036    -3.121  0.34507580D+04  0.49828946D-03  0  14.432 -131.628
  1 11     0.010    -3.162  0.10229747D+05  0.14771754D-02  0  25.411   96.034
  1  2    -0.007     1.614  0.11246014D+05  0.16239244D-02  0  26.739   50.399
TIM 2016  1  1  0  9  0.0000000  57388    540.00
  1 30     0.000    -0.342  0.13888889D+05  0.20055556D-02  0  53.498  -65.419
  1 28     0.003    -1.116  0.13888889D+05  0.20055556D-02  0  80.365 -129.807
  1 25     0.016    -4.537  0.41149652D+04  0.59420098D-03  0  15.793  -71.237
  1 24    -0.004    -1.481  0.13888889D+05  0.20055556D-02  0  65.664   81.656
  1 13    -0.021    -1.165  0.35355794D+04  0.51053766D-03  0  14.612 -131.489
  1 11     0.011    -2.285  0.10363995D+05  0.14965609D-02  0  25.589   95.874
  1  2    -0.008    -7.879  0.11346362D+05  0.16384147D-02  0  26.867   50.563
TIM 2016  1  1  0  8 30.0000000  57388    510.00
  1 30     0.017     1.453  0.13888889D+05  0.20055556D-02  0  53.344  -65.144
  1 28     0.001    -2.181  0.13888889D+05  0.20055556D-02  0  80.123 -130.184
  1 25     0.017     3.619  0.40242677D+04  0.58110426D-03  0  15.613  -71.351
  1 24    -0.018     3.634  0.13888889D+05  0.20055556D-02  0  65.848   81.275
  1 13    -0.053     2.250  0.36213760D+04  0.52292669D-03  0  14.792 -131.350
  1 11     0.036    -4.770  0.10498974D+05  0.15160518D-02  0  25.767   95.715
  1  2    -0.024     1.211  0.11446432D+05  0.16528647D-02  0  26.995   50.728
TIM 2016  1  1  0  8  0.0000000  57388    480.00
  1 30     0.019    -1.673  0.13888889D+05  0.20055556D-02  0  53.188  -64.872
  1 28     0.007    -2.401  0.13888889D+05  0.20055556D-02  0  79.882 -130.547
  1 25     0.025     6.908  0.39346056D+04  0.56815705D-03  0  15.434  -71.464
  1 24    -0.026     3.000  0.13888889D+05  0.20055556D-02  0  66.032   80.889
  1 13    -0.069    16.717  0.37081428D+04  0.53545582D-03  0  14.972 -131.210
  1 11     0.045    -6.582  0.10634677D+05  0.15356474D-02  0  25.946   95.555
  1  2    -0.028    14.960  0.11546207D+05  0.16672723D-02  0  27.122   50.894
TIM 2016  1  1  0  7 30.0000000  57388    450.00
  1 30     0.005    -2.977  0.13888889D+05  0.20055556D-02  0  53.032  -64.604
  1 28     0.027    -5.453  0.13888889D+05  0.20055556D-02  0  79.639 -130.898
  1 25     0.067     6.392  0.38459788D+04  0.55535933D-03  0  15.255  -71.578
  1 24    -0.036    -1.107  0.13888889D+05  0.20055556D-02  0  66.215   80.500
  1 13    -0.100     2.635  0.37958746D+04  0.54812429D-03  0  15.153 -131.070
  1 11     0.053    -1.929  0.10771102D+05  0.15553472D-02  0  26.124   95.395
  1  2    -0.032     8.993  0.11645676D+05  0.16816356D-02  0  27.248   51.062
TIM 2016  1  1  0  7  0.0000000  57388    420.00
  1 30    -0.006     0.927  0.13888889D+05  0.20055556D-02  0  52.874  -64.338
  1 28     0.016    -2.699  0.13888889D+05  0.20055556D-02  0  79.397 -131.238
  1 25    -0.023    13.277  0.37583871D+04  0.54271109D-03  0  15.076  -71.693
  1 24    -0.015     2.535  0.13888889D+05  0.20055556D-02  0  66.397   80.106
  1 13     0.017   -15.313  0.38845659D+04  0.56093132D-03  0  15.333 -130.930
  1 11    -0.011     3.874  0.10908245D+05  0.15751505D-02  0  26.303   95.235
  1  2     0.018     3.274  0.11744825D+05  0.16959527D-02  0  27.374   51.230
TIM 2016  1  1  0  6 30.0000000  57388    390.00
  1 30     0.002     0.152  0.13888889D+05  0.20055556D-02  0  52.715  -64.076
  1 28     0.020    -6.038  0.13888889D+05  0.20055556D-02  0  79.154 -131.567
  1 25     0.018    -3.668  0.36718306D+04  0.53021233D-03  0  14.897  -71.807
  1 24    -0.026     2.496  0.13888889D+05  0.20055556D-02  0  66.579   79.708
  1 13    -0.038    14.816  0.39742116D+04  0.57387616D-03  0  15.513 -130.789
  1 11     0.021     2.202  0.11046100D+05  0.15950568D-02  0  26.481   95.074
  1  2    -0.007    -2.162  0.11843638D+05  0.17102214D-02  0  27.498   51.400
TIM 2016  1  1  0  6  0.0000000  57388    360.00
  1 30    -0.001    -1.536  0.13888889D+05  0.20055556D-02  0  52.555  -63.818
  1 28     0.031    -6.012  0.13888889D+05  0.20055556D-02  0  78.911 -131.885
  1 25     0.010     6.948  0.35863089D+04  0.51786301D-03  0  14.719  -71.921
  1 24    -0.037     0.151  0.13888889D+05  0.20055556D-02  0  66.761   79.306
  1 13    -0.035     1.049  0.40648058D+04  0.58695796D-03  0  15.694 -130.648
  1 11     0.017     2.755  0.11184664D+05  0.16150655D-02  0  26.660   94.914
  1  2     0.001     2.146  0.11942104D+05  0.17244399D-02  0  27.622   51.571
TIM 2016  1  1  0  5 30.0000000  57388    330.00
  1 30     0.002    -2.072  0.13888889D+05  0.20055556D-02  0  52.393  -63.562
  1 28     0.014    -4.263  0.13888889D+05  0.20055556D-02  0  78.668 -132.194
  1 25     0.010    -0.974  0.35018220D+04  0.50566309D-03  0  14.540  -72.036
  1 24    -0.019     1.775  0.13888889D+05  0.20055556D-02  0  66.942   78.900
  1 13    -0.025    -6.450  0.41563428D+04  0.60017590D-03  0  15.874 -130.506
  1 11     0.013     0.447  0.11323932D+05  0.16351758D-02  0  26.838   94.753
  1  2    -0.004     3.956  0.12040209D+05  0.17386062D-02  0  27.745   51.743
TIM 2016  1  1  0  5  0.0000000  57388    300.00
  1 30    -0.004    -1.778  0.13888889D+05  0.20055556D-02  0  52.231  -63.310
  1 28     0.013    -4.948  0.13888889D+05  0.20055556D-02  0  78.425 -132.495
  1 25     0.010    11.125  0.34183695D+04  0.49361256D-03  0  14.362  -72.151
  1 24    -0.012     3.258  0.13888889D+05  0.20055556D-02  0  67.122   78.489
  1 13    -0.013     6.893  0.42488166D+04  0.61352912D-03  0  16.054 -130.364
  1 11     0.003     2.977  0.11463901D+05  0.16553873D-02  0  27.017   94.591
  1  2     0.002     2.635  0.12137938D+05  0.17527183D-02  0  27.867   51.916
TIM 2016  1  1  0  4 30.0000000  57388    270.00
  1 30     0.004    -1.957  0.13888889D+05  0.20055556D-02  0  52.068  -63.061
  1 28    -0.004    -4.348  0.13888889D+05  0.20055556D-02  0  78.181 -132.787
  1 25     0.009     3.950  0.33359513D+04  0.48171137D-03  0  14.185  -72.266
  1 24     0.002     0.959  0.13888889D+05  0.20055556D-02  0  67.302   78.074
  1 13    -0.009     6.262  0.43422212D+04  0.62701674D-03  0  16.235 -130.222
  1 11     0.007     2.070  0.11604565D+05  0.16756992D-02  0  27.196   94.430
  1  2    -0.008     1.936  0.12235279D+05  0.17667743D-02  0  27.988   52.091
TIM 2016  1  1  0  4  0.0000000  57388    240.00
  1 30    -0.008    -2.058  0.13888889D+05  0.20055556D-02  0  51.903  -62.815
  1 28     0.020    -4.538  0.13888889D+05  0.20055556D-02  0  77.938 -133.071
  1 25     0.051    -1.675  0.32545669D+04  0.46995946D-03  0  14.007  -72.382
  1 24    -0.017    -0.245  0.13888889D+05  0.20055556D-02  0  67.482   77.654
  1 13    -0.042    -3.296  0.44365503D+04  0.64063787D-03  0  16.415 -130.079
  1 11     0.016     2.289  0.11745921D+05  0.16961110D-02  0  27.375   94.268
  1  2    -0.009     1.283  0.12332218D+05  0.17807722D-02  0  28.109   52.267
TIM 2016  1  1  0  3 30.0000000  57388    210.00
  1 30     0.017    -0.724  0.13888889D+05  0.20055556D-02  0  51.738  -62.573
  1 28    -0.012    -7.158  0.13888889D+05  0.20055556D-02  0  77.694 -133.347
  1 25    -0.040     1.391  0.31742160D+04  0.45835679D-03  0  13.829  -72.497
  1 24    -0.002     1.360  0.13888889D+05  0.20055556D-02  0  67.661   77.230
  1 13     0.011    -5.603  0.45317974D+04  0.65439154D-03  0  16.595 -129.935
  1 11     0.005     5.680  0.11887964D+05  0.17166220D-02  0  27.554   94.106
  1  2    -0.003     7.141  0.12428741D+05  0.17947102D-02  0  28.228   52.443
TIM 2016  1  1  0  3  0.0000000  57388    180.00
  1 30     0.005     4.351  0.13888889D+05  0.20055556D-02  0  51.571  -62.333
  1 28     0.007    -4.614  0.13888889D+05  0.20055556D-02  0  77.449 -133.617
  1 25     0.034   -12.649  0.30948981D+04  0.44690329D-03  0  13.652  -72.613
  1 24    -0.012    -0.453  0.13888889D+05  0.20055556D-02  0  67.839   76.801
  1 13    -0.036     9.486  0.46279561D+04  0.66827686D-03  0  16.776 -129.792
  1 11     0.022    -7.911  0.12030690D+05  0.17372316D-02  0  27.733   93.944
  1  2    -0.016    -5.296  0.12524835D+05  0.18085861D-02  0  28.347   52.621
TIM 2016  1  1  0  2 30.0000000  57388    150.00
  1 30     0.001     0.519  0.13888889D+05  0.20055556D-02  0  51.404  -62.097
  1 28     0.004    -5.633  0.13888889D+05  0.20055556D-02  0  77.205 -133.880
  1 25    -0.014    -1.140  0.30166128D+04  0.43559889D-03  0  13.475  -72.728
  1 24    -0.006    -0.272  0.13888889D+05  0.20055556D-02  0  68.017   76.367
  1 13     0.004     2.009  0.47250196D+04  0.68229282D-03  0  16.956 -129.647
  1 11    -0.003     2.833  0.12174093D+05  0.17579391D-02  0  27.912   93.781
  1  2     0.006     5.770  0.12620486D+05  0.18223982D-02  0  28.465   52.801
TIM 2016  1  1  0  2  0.0000000  57388    120.00
  1 30    -0.017     0.552  0.13888889D+05  0.20055556D-02  0  51.236  -61.864
  1 28     0.029    -2.488  0.13888889D+05  0.20055556D-02  0  76.961 -134.137
  1 25    -0.001     6.195  0.29393597D+04  0.42444354D-03  0  13.298  -72.844
  1 24    -0.021    -0.110  0.13888889D+05  0.20055556D-02  0  68.194   75.928
  1 13     0.002    -2.430  0.48229810D+04  0.69643846D-03  0  17.136 -129.503
  1 11    -0.015    -2.769  0.12318171D+05  0.17787438D-02  0  28.091   93.618
  1  2     0.024     4.668  0.12715682D+05  0.18361444D-02  0  28.582   52.981
TIM 2016  1  1  0  1 30.0000000  57388     90.00
  1 30     0.001    -1.744  0.13888889D+05  0.20055556D-02  0  51.066  -61.634
  1 28     0.009    -1.421  0.13888889D+05  0.20055556D-02  0  76.716 -134.387
  1 25     0.044    14.917  0.28631381D+04  0.41343714D-03  0  13.121  -72.961
  1 24    -0.010     5.023  0.13888889D+05  0.20055556D-02  0  68.370   75.484
  1 13    -0.034    -4.829  0.49218333D+04  0.71071273D-03  0  17.316 -129.357
  1 11     0.018     2.542  0.12462917D+05  0.17996452D-02  0  28.271   93.455
  1  2    -0.015     3.213  0.12810408D+05  0.18498229D-02  0  28.698   53.163
TIM 2016  1  1  0  1  0.0000000  57388     60.00
  1 30     0.014     1.259  0.13888889D+05  0.20055556D-02  0  50.896  -61.407
  1 28     0.003    -2.700  0.13888889D+05  0.20055556D-02  0  76.471 -134.632
  1 25    -0.029     4.238  0.27879475D+04  0.40257962D-03  0  12.945  -73.077
  1 24    -0.017     2.523  0.13888889D+05  0.20055556D-02  0  68.546   75.035
  1 13    -0.006    -6.074  0.50215693D+04  0.72511461D-03  0  17.496 -129.212
  1 11     0.011    -6.129  0.12608328D+05  0.18206426D-02  0  28.450   93.292
  1  2    -0.003    -7.624  0.12904652D+05  0.18634317D-02  0  28.813   53.345
TIM 2016  1  1  0  0 30.0000000  57388     30.00
  1 30     0.011     1.027  0.13888889D+05  0.20055556D-02  0  50.725  -61.183
  1 28     0.003    -3.026  0.13888889D+05  0.20055556D-02  0  76.226 -134.872
  1 25    -0.010     1.973  0.27137874D+04  0.39187090D-03  0  12.769  -73.194
  1 24    -0.013    -0.015  0.13888889D+05  0.20055556D-02  0  68.721   74.581
  1 13    -0.013    11.762  0.51221818D+04  0.73964305D-03  0  17.677 -129.065
  1 11     0.013    -9.695  0.12754399D+05  0.18417352D-02  0  28.630   93.128
  1  2    -0.007    -5.129  0.12998400D+05  0.18769690D-02  0  28.928   53.529
TIM 2016  1  1  0  0  0.0000000  57388      0.00
  1 30     0.020    -1.816  0.13888889D+05  0.20055556D-02  1  50.553  -60.962
  1 28    -0.007    -1.000  0.13888889D+05  0.20055556D-02  1  75.981 -135.107
  1 25    -0.046    -2.192  0.26406570D+04  0.38131087D-03  1  12.593  -73.310
  1 24    -0.010     2.686  0.13888889D+05  0.20055556D-02  1  68.896   74.121
  1 13     0.002    12.771  0.52236630D+04  0.75429694D-03  1  17.857 -128.919
  1 11     0.012    -4.015  0.12901125D+05  0.18629225D-02  1  28.809   92.964
  1  2    -0.006    -0.179  0.13091640D+05  0.18904328D-02  1  29.041   53.714
