Receiver Clock                                              COMMENT
    30.00                                                   INTERVAL
                                                            END OF HEADER
ZIMM 2016  1  1  0  0  0.000000        11.519307    -11.207986
ZIMM 2016  1  1  0  0 30.000000        11.519307    -11.146726
ZIMM 2016  1  1  0  1  0.000000        11.519307    -11.039934
ZIMM 2016  1  1  0  1 30.000000        11.519307    -11.021196
ZIMM 2016  1  1  0  2  0.000000        11.519307    -11.117492
ZIMM 2016  1  1  0  2 30.000000        11.519307    -11.065803
ZIMM 2016  1  1  0  3  0.000000        11.519307    -10.986888
ZIMM 2016  1  1  0  3 30.000000        11.519307    -10.922177
ZIMM 2016  1  1  0  4  0.000000        11.519307    -10.893816
ZIMM 2016  1  1  0  4 30.000000        11.519307    -10.843824
ZIMM 2016  1  1  0  5  0.000000        11.519307    -10.832374
ZIMM 2016  1  1  0  5 30.000000        11.519307    -10.820137
ZIMM 2016  1  1  0  6  0.000000        11.519307    -10.853579
ZIMM 2016  1  1  0  6 30.000000        11.519307    -10.822829
ZIMM 2016  1  1  0  7  0.000000        11.519307    -10.765166
ZIMM 2016  1  1  0  7 30.000000        11.519307    -10.792784
ZIMM 2016  1  1  0  8  0.000000        11.519307    -10.913483
ZIMM 2016  1  1  0  8 30.000000        11.519307    -10.871542
ZIMM 2016  1  1  0  9  0.000000        11.519307    -10.809910
ZIMM 2016  1  1  0  9 30.000000        11.519307    -10.819768
ZIMM 2016  1  1  0 10  0.000000        11.519307    -10.817157
ZIMM 2016  1  1  0 10 30.000000        11.519307    -10.815747
ZIMM 2016  1  1  0 11  0.000000        11.519307    -10.793437
ZIMM 2016  1  1  0 11 30.000000        11.519307    -10.773504
ZIMM 2016  1  1  0 12  0.000000        11.519307    -10.803075
ZIMM 2016  1  1  0 12 30.000000        11.519307    -10.940075
ZIMM 2016  1  1  0 13  0.000000        11.519307    -10.905784
ZIMM 2016  1  1  0 13 30.000000        11.519307    -10.895045
ZIMM 2016  1  1  0 14  0.000000        11.519307    -11.012683
ZIMM 2016  1  1  0 14 30.000000        11.519307    -10.864422
ZIMM 2016  1  1  0 15  0.000000        11.519307    -10.846559
ZIMM 2016  1  1  0 15 30.000000        11.519307    -10.893404
ZIMM 2016  1  1  0 16  0.000000        11.519307    -10.921143
ZIMM 2016  1  1  0 16 30.000000        11.519307    -10.957938
ZIMM 2016  1  1  0 17  0.000000        11.519307    -10.930173
ZIMM 2016  1  1  0 17 30.000000        11.519307    -11.002556
ZIMM 2016  1  1  0 18  0.000000        11.519307    -10.996913
ZIMM 2016  1  1  0 18 30.000000        11.519307    -11.037913
ZIMM 2016  1  1  0 19  0.000000        11.519307    -11.002322
ZIMM 2016  1  1  0 19 30.000000        11.519307    -11.028901
ZIMM 2016  1  1  0 20  0.000000        11.519307    -11.052353
ZIMM 2016  1  1  0 20 30.000000        11.519307    -11.063281
ZIMM 2016  1  1  0 21  0.000000        11.519307    -11.099326
ZIMM 2016  1  1  0 21 30.000000        11.519307    -11.128337
ZIMM 2016  1  1  0 22  0.000000        11.519307    -11.098557
ZIMM 2016  1  1  0 22 30.000000        11.519307    -11.131813
ZIMM 2016  1  1  0 23  0.000000        11.519307    -11.127885
ZIMM 2016  1  1  0 23 30.000000        11.519307    -11.159654
ZIMM 2016  1  1  0 24  0.000000        11.519307    -11.159363
ZIMM 2016  1  1  0 24 30.000000        11.519307    -11.149111
ZIMM 2016  1  1  0 25  0.000000        11.519307    -11.175599
ZIMM 2016  1  1  0 25 30.000000        11.519307    -11.151211
ZIMM 2016  1  1  0 26  0.000000        11.519307    -11.159954
ZIMM 2016  1  1  0 26 30.000000        11.519307    -11.160120
ZIMM 2016  1  1  0 27  0.000000        11.519307    -11.124829
ZIMM 2016  1  1  0 27 30.000000        11.519307    -11.143382
ZIMM 2016  1  1  0 28  0.000000        11.519307    -11.131158
ZIMM 2016  1  1  0 28 30.000000        11.519307    -11.140085
ZIMM 2016  1  1  0 29  0.000000        11.519307    -11.132540
ZIMM 2016  1  1  0 29 30.000000        11.519307    -11.130833
ZIMM 2016  1  1  0 30  0.000000        11.519307    -11.126404
ZIMM 2016  1  1  0 30 30.000000        11.519307    -11.189508
ZIMM 2016  1  1  0 31  0.000000        11.519307    -11.208225
ZIMM 2016  1  1  0 31 30.000000        11.519307    -11.191661
ZIMM 2016  1  1  0 32  0.000000        11.519307    -11.180758
ZIMM 2016  1  1  0 32 30.000000        11.519307    -11.158605
ZIMM 2016  1  1  0 33  0.000000        11.519307    -11.118061
ZIMM 2016  1  1  0 33 30.000000        11.519307    -11.126621
ZIMM 2016  1  1  0 34  0.000000        11.519307    -11.137861
ZIMM 2016  1  1  0 34 30.000000        11.519307    -11.176043
ZIMM 2016  1  1  0 35  0.000000        11.519307    -11.168756
ZIMM 2016  1  1  0 35 30.000000        11.519307    -11.183823
ZIMM 2016  1  1  0 36  0.000000        11.519307    -11.177375
ZIMM 2016  1  1  0 36 30.000000        11.519307    -11.151086
ZIMM 2016  1  1  0 37  0.000000        11.519307    -11.103366
ZIMM 2016  1  1  0 37 30.000000        11.519307    -11.067178
ZIMM 2016  1  1  0 38  0.000000        11.519307    -11.037261
ZIMM 2016  1  1  0 38 30.000000        11.519307    -10.975174
ZIMM 2016  1  1  0 39  0.000000        11.519307    -10.973110
ZIMM 2016  1  1  0 39 30.000000        11.519307    -10.952049
ZIMM 2016  1  1  0 40  0.000000        11.519307    -10.970843
ZIMM 2016  1  1  0 40 30.000000        11.519307    -10.978776
ZIMM 2016  1  1  0 41  0.000000        11.519307    -10.979002
ZIMM 2016  1  1  0 41 30.000000        11.519307    -10.978344
ZIMM 2016  1  1  0 42  0.000000        11.519307    -10.990420
ZIMM 2016  1  1  0 42 30.000000        11.519307    -10.976301
ZIMM 2016  1  1  0 43  0.000000        11.519307    -10.978193
ZIMM 2016  1  1  0 43 30.000000        11.519307    -11.013405
ZIMM 2016  1  1  0 44  0.000000        11.519307    -11.071492
ZIMM 2016  1  1  0 44 30.000000        11.519307    -11.147019
ZIMM 2016  1  1  0 45  0.000000        11.519307    -11.120529
ZIMM 2016  1  1  0 45 30.000000        11.519307    -11.097291
ZIMM 2016  1  1  0 46  0.000000        11.519307    -11.123415
ZIMM 2016  1  1  0 46 30.000000        11.519307    -11.167373
ZIMM 2016  1  1  0 47  0.000000        11.519307    -11.169910
ZIMM 2016  1  1  0 47 30.000000        11.519307    -11.229752
ZIMM 2016  1  1  0 48  0.000000        11.519307    -11.200821
ZIMM 2016  1  1  0 48 30.000000        11.519307    -11.245532
ZIMM 2016  1  1  0 49  0.000000        11.519307    -11.329725
ZIMM 2016  1  1  0 49 30.000000        11.519307    -11.369089
ZIMM 2016  1  1  0 50  0.000000        11.519307    -11.417181
ZIMM 2016  1  1  0 50 30.000000        11.519307    -11.444745
ZIMM 2016  1  1  0 51  0.000000        11.519307    -11.443197
ZIMM 2016  1  1  0 51 30.000000        11.519307    -11.448463
ZIMM 2016  1  1  0 52  0.000000        11.519307    -11.481672
ZIMM 2016  1  1  0 52 30.000000        11.519307    -11.521153
ZIMM 2016  1  1  0 53  0.000000        11.519307    -11.548929
ZIMM 2016  1  1  0 53 30.000000        11.519307    -11.544922
ZIMM 2016  1  1  0 54  0.000000        11.519307    -11.564972
ZIMM 2016  1  1  0 54 30.000000        11.519307    -11.550710
ZIMM 2016  1  1  0 55  0.000000        11.519307    -11.592886
ZIMM 2016  1  1  0 55 30.000000        11.519307    -11.628941
ZIMM 2016  1  1  0 56  0.000000        11.519307    -11.661097
ZIMM 2016  1  1  0 56 30.000000        11.519307    -11.694950
ZIMM 2016  1  1  0 57  0.000000        11.519307    -11.728126
ZIMM 2016  1  1  0 57 30.000000        11.519307    -11.808627
ZIMM 2016  1  1  0 58  0.000000        11.519307    -11.797891
ZIMM 2016  1  1  0 58 30.000000        11.519307    -11.808165
ZIMM 2016  1  1  0 59  0.000000        11.519307    -11.830215
ZIMM 2016  1  1  0 59 30.000000        11.519307    -11.813398
