+RMS OF RESIDUALS---PHASE(MM)
NAME SUMM   1  2  3  5  6  7  8  9 10 11 12 13 14 15 16 17 18 19 20 21 22 23 24 25 26 27 28 29 30 31 32
zimm    7   0  5  0 12  0  0  0  0  0  0  6  0 16  0  0  0  0  0  0 10  0  0  0  2  4  0  0  2  0  2  0
NAME SUMM   1  2  3  5  6  7  8  9 10 11 12 13 14 15 16 17 18 19 20 21 22 23 24 25 26 27 28 29 30 31 32
-RMS OF RESIDUALS---PHASE(MM)
+TIME SERIES OF RESIDUALS---PHASE(MM)
 zimm   1  2  3  5  6  7  8  9 10 11 12 13 14 15 16 17 18 19 20 21 22 23 24 25 26 27 28 29 30 31 32
    1     -2                          1     3                                1-10       -4     4
    2     -2                          1     0                                1 -2       -2     2
    3     -1                          2     4                  -14           0 -5       -2     2
    4     -3                          2    -6                   13           2  8       -1     0
    5      3                          0    12                  -49          -2  2        4    -6
    6      1                         -2     3                    0           2 -2       -2     0
    7     -3                          2    -7                   11           1  6       -1     1
    8     -1                          0     4                                3 -7       -4     3
    9     -1                         -1   -13                   28           0  9        1    -1
   10     -1                         -2    -6                   22           4  1       -3     1
   11     -1                          2     5                  -18           0  3        1    -2
   12      0                          0    -6                   10          -1  2        0     0
   13      1                          0    -9                   14          -4  2        3     0
   14     -2                          3    -6                    1          -2  4        2     0
   15      2                          0    13                  -24           0 -2        2    -3
   16     -5                          7   -23                   15          -4 13        3     1
   17     -5                          6   -14                    7          -2  6       -1     3
   18     -5                          6    -8                   -2          -1  4       -2     3
   19     -3                          4     5                  -17           2  5       -1    -2
   20      0                         -3   -14                   20           2  8        1    -2
   21      1                         -2    -7                   12           0  1        0     0
   22      3                         -3    29                  -30           2 -3        2    -6
   23     -5                          5   -31                   19          -2 15        3    -1
   24      4                         -4    12                   -5          -1 -6        3    -2
   25      1                         -1     9                  -10           0  2        3    -4
   26      0                          0    -4                    2           0  2        1    -1
   27     -4                          5   -13                    4          -1  4       -1     3
   28     -2                          0    21                  -22           6  4       -2    -4
   29     -5                          8     5                  -15          -2  2        0     1
   30      3                         -6    20                   -8           3 -2        1    -4
   31      2                         -3     0                    4           2  0        0    -1
   32      1                          2    35                  -26           0 -2        3    -5
   33      1                          1    -5                    3          -4 -2        2     2
   34     -2                          4    -3                   -3          -3  2        3    -1
   35      0                         -1    12                   -6           1 -1        0    -1
   36      1                         -3   -25                   17           0  2       -1     2
   37      3                         -5    21                   -5           3 -6       -2     1
   38      0                         -1   -27                   14          -1  3        0     1
   39      5                         -6    11                    2           0 -6        0     0
   40      6                         -9    25                   -1           2 -8       -2     0
   41      8                        -11     5                   10           1 -6        0     0
   42     -1                          1    16                   -7           1 -1       -1     0
   43     -4                          2    -4                   -2           4  6       -1    -2
   44      1                         -1    12                   -3           1 -1        1    -1
   45      2                         -4    28                   -6           3 -4       -2     0
   46     -1                          3   -29                    8          -2  0       -2     4
   47     10                        -13    35                    2          -1-10        2    -1
   48      6                         -5    11                    2          -4 -5        4    -1
   49      0                          0     8                   -2           0 -2       -1     1
   50     -1                          0     7                   -2           2 -1       -3     2
   51      2                         -2    10                   -1          -1 -2        2     0
   52      2                          2     2                    0          -3 -3        1     2
   53      2                         -3   -11                    5          -1 -1        1     0
   54      6                        -10    -3                    7           1 -3       -2     1
   55      4                         -8   -20                    8           2  0       -2     1
   56      5                         -4   -34                   10          -3 -2        0     2
   57      2                          0    -5                    2          -3 -3        0     2
   58      2                         -2   -18                    4          -1 -2       -2     2
   59      2                         -2   -10                    3          -1 -2       -2     3
   60      3                         -6   -18                    5           1  0       -1     0
   61      0                          2   -25                    3          -1  1        0     1
   62      1                          1                          0          -1 -2       -1     2
   63      3                         -2                          2          -1 -2        0     2
   64      3                         -2                          2          -2 -2        1     1
   65      2                         -3                          2           0 -1        0     0
   66      2                         -5                          2           2 -1       -3     2
   67      5                         -5                          3          -1 -3        0     2
   68     -2   -20                    6                         -2           1  1       -2     2
   69     -1   -20                    6                         -1           0  1        0    -1
   70      1    -3                    1                          0          -1 -1        0     1
   71      0     6                   -3                          1           0  0        1    -1
   72     -1    22                    1                         -1          -2 -2       -1     4
   73     -1    -9                    4                         -1           1  0       -2     1
   74      1    17                   -8                          1           1  0        0    -1
   75      4   -18                    2                          1          -2 -1        1     0
   76     -4   -10                    9                         -2          -1  2        1    -1
   77     -6    -2                   10                         -3           0  2        0     0
   78      0     5                    1                          0          -1 -1        0     1
   79      2    11                   -5                          0           0 -2       -2     4
   80      8   -10                   -4                          2          -2 -3        0     2
   81     -7    -8                   14                         -3          -1  2        1    -1
   82      0   -25                    8                         -1           2  2       -1    -1
   83     -3    -7                    3                         -1           2  2        0    -2
   84      2    -5                   -1                          1          -1  0        2    -2
   85     -3    -1                    9                         -1          -2  1        2    -1
   86     -6    23                    3                         -1          -2  0        2     1
   87     -5     8                    8                         -1          -3  1        3    -1
   88     -4     7                    5                         -1          -1  0        0     1
   89     -7    -6                   13                         -2          -1  2        2    -3
   90      0    -4                    0                          0           1  0       -1     0
   91      1     4                    2                          0          -2 -1        1     1
   92     -7    11                    3                         -1          -1  1        2    -2
   93    -10    16                   10                         -4           1  0       -3     4
   94     -4    21                   -3                          0          -2 -1        1     2
   95     -4    23                  -13                          1           0  0        0     0
   96      1     9                   -5                          0          -1 -1       -1     2
   97     -2    -7                    6                         -1           0  1        0    -1
   98      3   -10                    7                          0          -1 -1        0     1
   99      1   -15                   10                         -2           2  0       -2     1
  100      1    -7                   10                         -2           0 -1       -2     3
  101     -1   -10                   -1                          0           2  2        0    -3
  102     -5    -1                    2                          0           0  2        2    -3
  103     -7    18                    0                         -1          -1 -1        0     2
  104     -5    11                   -2                          1          -2  0        2    -1
  105     -8    18                    1                          0          -3  0        3     0
  106     -5    11                   -6                         -1           1  0       -1     1
  107      5    -4                  -18                          2           2  1       -1    -2
  108      4   -14                   -2                         -1           5  1       -4     0
  109     -3   -11                   14                         -2           3  2       -2     0
  110     -9    -1                   13                         -1           1  2        1    -2
  111     -4     0                  -16                          1           4  3       -1    -3
  112      9    -8                  -17                          1           2  0       -1    -1
  113      1   -14                   15                          0           0  2        2    -3
  114    -15     5                   13                         -1           0  2        2    -3
  115    -17    24                   -6                         -1           0  0       -1     2
  116     19     3                  -18                          2          -5 -5        2     3
  117     13    -7                    1                          1          -2 -2        1     1
  118     -2   -13                    5                         -1           4  3       -1    -3
  119     -1    -9                    6                         -1           3  2       -2    -1
  120      6    -3                   -6                          1           0 -1        0     0
 zimm   1  2  3  5  6  7  8  9 10 11 12 13 14 15 16 17 18 19 20 21 22 23 24 25 26 27 28 29 30 31 32
-TIME SERIES OF RESIDUALS---PHASE(MM)
