ZIMM   2            -49.312727            -32.582021  57388.0000000000  57388.0489583333   0.0530   0.0273  18.9
ZIMM  12            -17.511090            -31.532378  57388.0000000000  57388.0430555556   0.0397   0.0302  17.9
ZIMM  25             -0.538928            -38.566043  57388.0000000000  57388.0298611111   0.0127   0.0162  60.9
ZIMM  26              0.402811            -33.642280  57388.0000000000  57388.2250000000   0.0266   0.0087  47.7
ZIMM  29             10.809197            -15.576521  57388.0000000000  57388.1631944444   0.0268   0.0096  50.2
ZIMM  31              8.949070             -8.579100  57388.0000000000  57388.0298611111   0.0173   0.0156  56.3
ZIMM  21             21.022478            -11.806741  57388.0065972222  57388.0298611111   0.0500   0.0393  18.2
ZIMM  14             21.436815             -6.858619  57388.0072916667  57388.0152777778   0.1067   0.1106  11.9
ZIMM   5              8.369548            -12.653272  57388.0232638889  57388.1145833333   0.0739   0.0269  12.5
ZIMM  21             20.998296            -11.618317  57388.0302083333  57388.2513888889   0.0314   0.0089  48.8
ZIMM  25             -0.514825            -38.454319  57388.0302083333  57388.1038194444   0.0395   0.0167  31.1
ZIMM  31              8.964970             -8.567374  57388.0302083333  57388.1388888889   0.0382   0.0132  37.9
ZIMM  20             25.768956            -12.635339  57388.0371527778  57388.1909722222   0.0408   0.0145  22.1
ZIMM  16             10.932579             -9.664690  57388.0409722222  57388.2736111111   0.0314   0.0090  42.8
ZIMM  27             10.321317            -26.583774  57388.0892361111  57388.1006944444   0.0739   0.0674   9.8
ZIMM  18            -16.346381            -27.501659  57388.0899305556  57388.2822916667   0.0410   0.0109  34.3
ZIMM  27             10.377931            -26.553045  57388.1010416667  57388.3486111111   0.0279   0.0085  49.1
ZIMM  10              2.764926            -27.585273  57388.1315972222  57388.3375000000   0.0380   0.0092  41.0
ZIMM   8             21.746766            -18.745034  57388.1461805556  57388.3850694444   0.0310   0.0085  46.4
ZIMM  22             -1.170047            -10.703589  57388.1565972222  57388.3850694444   0.0309   0.0091  43.1
ZIMM   7             20.282747             -6.645616  57388.1590277778  57388.2274305556   0.0758   0.0406  10.8
ZIMM  15             64.468329              9.126902  57388.2045138889  57388.2274305556   0.1157   0.0774   8.4
ZIMM  11             19.115204             -8.456826  57388.2138888889  57388.4663194444   0.0384   0.0091  46.5
ZIMM  14           -506.218855           -217.503125  57388.2350694444  57388.3975694444   0.0443   0.0144  26.1
ZIMM  32            -22.317261            -32.625198  57388.2392361111  57388.4968750000   0.0276   0.0085  46.9
ZIMM   1              4.134296            -30.536276  57388.2444444444  57388.4979166667   0.0281   0.0084  48.9
ZIMM  28            -10.004805            -19.566978  57388.2687500000  57388.3940972222   0.0559   0.0201  17.4
ZIMM   3            -11.376841            -33.743744  57388.2864583333  57388.5597222222   0.0291   0.0082  46.9
ZIMM  19              7.912124             -6.487737  57388.3267361111  57388.5097222222   0.0316   0.0120  33.1
ZIMM  17              1.598467            -14.589143  57388.3409722222  57388.5013888889   0.0337   0.0129  30.8
ZIMM  23            111.740324             19.519721  57388.3614583333  57388.6166666667   0.0341   0.0098  46.3
ZIMM  31             -3.484699            -48.541425  57388.3687500000  57388.4913194444   0.0653   0.0196  17.1
ZIMM   8             21.655454            -18.963042  57388.3854166667  57388.3927083333   0.0977   0.1142  11.3
ZIMM   9           -368.377047           -192.776193  57388.4131944444  57388.6815972222   0.0331   0.0078  46.9
ZIMM   6            -31.842731            -47.758677  57388.4173611111  57388.6291666667   0.0370   0.0100  37.2
ZIMM   2             25.931249             -4.586549  57388.4875000000  57388.6520833333   0.0376   0.0130  30.6
ZIMM   7             16.059525            -39.637351  57388.5000000000  57388.7284722222   0.0319   0.0096  44.4
ZIMM  17              1.549510            -14.638815  57388.5062500000  57388.5156250000   0.0882   0.1530   9.4
ZIMM  16             33.879896            -15.774425  57388.5277777778  57388.6038194444   0.0754   0.0346  12.6
ZIMM  30             23.899207            -41.609234  57388.5312500000  57388.7836805556   0.0463   0.0101  45.4
ZIMM   5             -2.017079            -28.636569  57388.5461805556  57388.7694444444   0.0340   0.0095  40.7
ZIMM  13             16.043211            -24.527516  57388.5961805556  57388.7236111111   0.0332   0.0123  40.9
ZIMM  28            -24.224480            -46.610068  57388.6243055556  57388.7284722222   0.0347   0.0141  38.8
ZIMM  20            -16.121324            -32.635679  57388.6329861111  57388.8131944444   0.0381   0.0115  31.0
ZIMM  15             -2.259998            -25.635492  57388.6645833333  57388.7284722222   0.0372   0.0204  24.7
ZIMM   8           -219.808028           -114.882108  57388.6888888889  57388.6996527778   0.1100   0.0812   7.5
ZIMM   8           -219.220351           -115.014834  57388.7000000000  57388.7111111111   0.0990   0.0987   7.5
ZIMM  13             16.039946            -24.545549  57388.7288194444  57388.8611111111   0.0310   0.0115  50.5
ZIMM  15             -2.265262            -25.583303  57388.7288194444  57388.7517361111   0.0113   0.0205  50.8
ZIMM  17             -0.194655            -20.617826  57388.7340277778  57388.9010416667   0.0389   0.0129  26.5
ZIMM  18             15.118421            -12.529773  57388.7354166667  57388.8642361111   0.0493   0.0201  19.9
ZIMM  19              3.831513            -14.493571  57388.7354166667  57388.8805555556   0.0421   0.0140  23.4
ZIMM  24             -7.781717            -38.613722  57388.7354166667  57388.9868055556   0.0335   0.0079  49.5
ZIMM  28            -24.254125            -46.562972  57388.7354166667  57388.7517361111   0.0117   0.0194  58.2
ZIMM  15             -2.240401            -25.615250  57388.7520833333  57388.8989583333   0.0250   0.0102  51.3
ZIMM  28            -24.253383            -46.553033  57388.7520833333  57388.8291666667   0.0251   0.0154  35.0
ZIMM  12            212.290782             66.462033  57388.7673611111  57388.9993055556   0.0258   0.0075  50.9
ZIMM  10            -12.732251            -32.658449  57388.7753472222  57388.8822916667   0.0632   0.0270  14.6
ZIMM  22            -24.491683            -17.585667  57388.8190972222  57388.8260416667   0.0738   0.1422   7.9
ZIMM  22            -24.582018            -17.839748  57388.8263888889  57388.8791666667   0.1260   0.0546   9.6
ZIMM  25             25.006668            -22.987883  57388.8336805556  57388.8420138889   0.0996   0.0986  12.5
ZIMM  14              9.239829            -11.550925  57388.8409722222  57388.9993055556   0.0437   0.0131  31.2
ZIMM  25             25.073926            -22.623435  57388.8423611111  57388.9993055556   0.0265   0.0131  54.4
ZIMM   6             23.678470            -21.739905  57388.8618055556  57388.9833333333   0.0608   0.0220  16.8
ZIMM   2             15.861103             -2.604359  57388.8788194444  57388.9993055556   0.0407   0.0153  26.6
ZIMM  29            -12.315825            -23.645011  57388.8958333333  57388.9993055556   0.0415   0.0128  41.4
ZIMM  31             45.835750              9.419560  57388.9208333333  57388.9993055556   0.0394   0.0187  29.6
ZIMM  26              8.896078            -25.933581  57388.9861111111  57388.9993055556   0.0634   0.0413  10.4
