ALGO   3             26.797151              5.855180  57388.0000000000  57388.0788194444   0.0326   0.0192  26.2
ALGO  14             84.272084             13.877722  57388.0000000000  57388.0180555556   0.0586   0.0700  12.2
ALGO  16             63.406356              9.943960  57388.0000000000  57388.2069444444   0.0267   0.0086  51.3
ALGO  23            -34.550061             -0.163079  57388.0000000000  57388.1864583333   0.0235   0.0093  43.8
ALGO  26             64.398070              1.893329  57388.0000000000  57388.1555555556   0.0277   0.0115  48.6
ALGO  29            -18.032648             -3.026685  57388.0000000000  57388.0690972222   0.0456   0.0296  18.5
ALGO  31             33.197932              2.985723  57388.0000000000  57388.0986111111   0.0305   0.0152  31.6
ALGO  32             11.527426             -0.096389  57388.0000000000  57388.0548611111   0.0471   0.0302  22.4
ALGO   9             -4.850059             -6.111765  57388.0281250000  57388.2229166667   0.0320   0.0107  34.2
ALGO  27             -9.675428             -9.127735  57388.0361111111  57388.2572916667   0.0328   0.0103  40.2
ALGO   8             36.688392              6.903584  57388.0690972222  57388.3135416667   0.0337   0.0095  43.8
ALGO   7             -8.347929              2.896186  57388.0743055556  57388.3184027778   0.0312   0.0083  43.8
ALGO  21            -16.033816              2.055351  57388.0920138889  57388.1614583333   0.0746   0.0366  10.1
ALGO  30              5.624918             -1.108603  57388.1302083333  57388.3583333333   0.0289   0.0095  40.3
ALGO  11             17.047195             10.878589  57388.1517361111  57388.3750000000   0.0287   0.0106  39.6
ALGO  28             -2.145230              4.900157  57388.1756944444  57388.4472222222   0.0340   0.0082  46.7
ALGO   1             18.623085              2.947750  57388.1885416667  57388.4020833333   0.0333   0.0102  37.7
ALGO  13            -13.690541              3.892092  57388.2038194444  57388.3069444444   0.0612   0.0286  15.1
ALGO  19            -17.412274             -1.058636  57388.2149305556  57388.4934027778   0.0323   0.0071  45.4
ALGO  17             -1.616069              2.958213  57388.2284722222  57388.5145833333   0.0402   0.0073  45.9
ALGO  32            -11.851501             -1.040956  57388.2822916667  57388.4000000000   0.0396   0.0260  16.2
ALGO   3            -12.718087             -6.064708  57388.2916666667  57388.4562500000   0.0335   0.0144  24.7
ALGO   6             21.425269              2.914326  57388.3156250000  57388.5892361111   0.0282   0.0076  46.3
ALGO  24             19.539587              7.927209  57388.3250000000  57388.4465277778   0.0974   0.0263  16.6
ALGO   2            -16.490288              3.959204  57388.3725694444  57388.6597222222   0.0288   0.0070  46.6
ALGO  12            -12.524862              5.895421  57388.3788194444  57388.5722222222   0.0354   0.0114  32.6
ALGO  23            -27.420083              6.916987  57388.4284722222  57388.5263888889   0.0508   0.0314  13.1
ALGO  25             24.591187              7.920853  57388.4395833333  57388.5635416667   0.0615   0.0209  26.4
ALGO   9             -3.091335             -0.091507  57388.4423611111  57388.5829861111   0.0520   0.0187  19.9
ALGO   5            -16.795546              2.921949  57388.4510416667  57388.7149305556   0.0234   0.0072  46.3
ALGO  29             -7.174317              6.943619  57388.5031250000  57388.7149305556   0.0362   0.0099  36.8
ALGO  20             -3.275049              4.937962  57388.5229166667  57388.8027777778   0.0329   0.0079  46.2
ALGO  13             11.894141              4.826661  57388.5461805556  57388.7284722222   0.0246   0.0096  43.8
ALGO  15             12.695033              1.899418  57388.5798611111  57388.8302083333   0.0272   0.0087  44.8
ALGO  21              0.733648              8.904753  57388.5909722222  57388.8326388889   0.0320   0.0109  41.3
ALGO  26              4.857173             -2.028410  57388.5923611111  57388.6218750000   0.0784   0.0545   7.8
ALGO   7              4.310484              0.079451  57388.5934027778  57388.6420138889   0.0951   0.0482   8.8
ALGO  30             77.252365             14.898768  57388.6045138889  57388.6934027778   0.0577   0.0330  12.5
ALGO  18             -1.943859             -0.101998  57388.6440972222  57388.9010416667   0.0268   0.0100  50.1
ALGO  24             28.049845             -5.124696  57388.6767361111  57388.8871527778   0.0472   0.0101  36.5
ALGO  10             57.842296             11.867817  57388.6868055556  57388.9458333333   0.0318   0.0084  46.0
ALGO  27             34.416407              4.992163  57388.6930555556  57388.7892361111   0.0620   0.0289  14.1
ALGO  22             10.534077              5.907821  57388.7260416667  57388.9753472222   0.0349   0.0088  43.4
ALGO  14             34.928847              2.850792  57388.7302083333  57388.9993055556   0.0370   0.0091  48.1
ALGO  13             11.876547              4.771363  57388.7354166667  57388.7638888889   0.0608   0.0539  15.0
ALGO   8             43.433129              5.040456  57388.7486111111  57388.7909722222   0.0762   0.0446   8.6
ALGO  12             55.086346             15.870651  57388.7899305556  57388.9406250000   0.0379   0.0158  22.7
ALGO  25             63.582813              2.841770  57388.8135416667  57388.9993055556   0.0408   0.0122  30.9
ALGO  11              3.101934             -2.087236  57388.8201388889  57388.8930555556   0.0460   0.0352  10.4
ALGO  31              3.141539             -0.073876  57388.8305555556  57388.9993055556   0.0212   0.0077  56.8
ALGO   1             46.992366              1.958129  57388.8364583333  57388.9520833333   0.0645   0.0261  16.0
ALGO  32             27.009677             -0.999943  57388.8368055556  57388.9993055556   0.0290   0.0108  41.4
ALGO   3             48.815267              9.898128  57388.8934027778  57388.9993055556   0.0413   0.0170  31.1
ALGO  26              7.694736            -13.190374  57388.9086805556  57388.9993055556   0.0344   0.0156  38.7
ALGO  29            -34.977087             -9.050656  57388.9423611111  57388.9993055556   0.0437   0.0315  16.7
ALGO  16             46.451526             18.859024  57388.9506944444  57388.9993055556   0.0288   0.0254  24.7
ALGO  23             10.635527             11.849692  57388.9586805556  57388.9993055556   0.0508   0.0364  18.0
