Single-Difference Ambiguity Constraint                      COMMENT
    SD                                                      TYPE OF CONSTRAINT
                                                            END OF HEADER
ALGO G29 G32 2016  1  1  0  0  0.000000 2016  1  1  1 19  0.000000            -3          -42   0.000
ALGO G26 G32 2016  1  1  0  0  0.000000 2016  1  1  1 19  0.000000             2           87   0.000
ALGO G03 G29 2016  1  1  0  0  0.000000 2016  1  1  1 39 30.000000             9           48   0.000
ALGO G03 G31 2016  1  1  0  0  0.000000 2016  1  1  1 53 30.000000             3          -22   0.000
ALGO G16 G26 2016  1  1  0  0  0.000000 2016  1  1  3 44  0.000000             8          -30   0.000
ALGO G23 G28 2016  1  1  4 13  0.000000 2016  1  1  4 28 30.000000            -5          -40   0.000
ALGO G16 G23 2016  1  1  0  0  0.000000 2016  1  1  4 28 30.000000            10          139   0.000
ALGO G11 G16 2016  1  1  3 38 30.000000 2016  1  1  4 58  0.000000             1          -86   0.000
ALGO G09 G19 2016  1  1  5  9 30.000000 2016  1  1  5 21  0.000000            -5           40   0.000
ALGO G01 G09 2016  1  1  4 31 30.000000 2016  1  1  5 21  0.000000             9           10   0.000
ALGO G07 G27 2016  1  1  1 47  0.000000 2016  1  1  6 10 30.000000            12          -40   0.000
ALGO G19 G27 2016  1  1  5  9 30.000000 2016  1  1  6 10 30.000000             8          -42   0.000
ALGO G13 G28 2016  1  1  4 53 30.000000 2016  1  1  7 22  0.000000            -1          -17   0.000
ALGO G07 G08 2016  1  1  1 47  0.000000 2016  1  1  7 31 30.000000            -4          -66   0.000
ALGO G17 G30 2016  1  1  5 29  0.000000 2016  1  1  8 36  0.000000             4          -27   0.000
ALGO G11 G32 2016  1  1  6 46 30.000000 2016  1  1  9  0  0.000000            12            9   0.000
ALGO G01 G02 2016  1  1  8 56 30.000000 2016  1  1  9 39  0.000000            -1           66   0.000
ALGO G06 G24 2016  1  1  7 48  0.000000 2016  1  1 10 43  0.000000            -5           21   0.000
ALGO G17 G28 2016  1  1  5 29  0.000000 2016  1  1 10 44  0.000000            -2            8   0.000
ALGO G06 G28 2016  1  1  7 34 30.000000 2016  1  1 10 44  0.000000            -2           49   0.000
ALGO G03 G19 2016  1  1  7  0  0.000000 2016  1  1 10 57  0.000000            -5           26   0.000
ALGO G12 G17 2016  1  1  9  5 30.000000 2016  1  1 12 21  0.000000             3          -30   0.000
ALGO G20 G25 2016  1  1 12 33  0.000000 2016  1  1 13 31 30.000000            -3          -39   0.000
ALGO G13 G25 2016  1  1 13  6 30.000000 2016  1  1 13 31 30.000000            -3          -12   0.000
ALGO G02 G12 2016  1  1  9  5 30.000000 2016  1  1 13 44  0.000000            -2            0   0.000
ALGO G09 G13 2016  1  1 13  6 30.000000 2016  1  1 13 59 30.000000            -5           -9   0.000
ALGO G06 G29 2016  1  1 12  4 30.000000 2016  1  1 14  8 30.000000            -4           65   0.000
ALGO G02 G18 2016  1  1 15 27 30.000000 2016  1  1 15 50  0.000000             4          -40   0.000
ALGO G05 G15 2016  1  1 13 55  0.000000 2016  1  1 17  9 30.000000             1          -56   0.000
ALGO G05 G29 2016  1  1 12  4 30.000000 2016  1  1 17  9 30.000000            -4           -3   0.000
ALGO G15 G20 2016  1  1 13 55  0.000000 2016  1  1 19 16  0.000000            -3           39   0.000
ALGO G18 G21 2016  1  1 15 27 30.000000 2016  1  1 19 59  0.000000            -9           27   0.000
ALGO G12 G21 2016  1  1 18 57 30.000000 2016  1  1 19 59  0.000000             7           72   0.000
ALGO G01 G24 2016  1  1 20  4 30.000000 2016  1  1 21 17 30.000000             7            9   0.000
ALGO G14 G24 2016  1  1 17 31 30.000000 2016  1  1 21 17 30.000000             8          -16   0.000
ALGO G01 G18 2016  1  1 20  4 30.000000 2016  1  1 21 37 30.000000             2           80   0.000
ALGO G12 G25 2016  1  1 19 31 30.000000 2016  1  1 22 34 30.000000            13          -61   0.000
ALGO G10 G22 2016  1  1 17 25 30.000000 2016  1  1 22 42  0.000000             6           63   0.000
ALGO G03 G10 2016  1  1 21 26 30.000000 2016  1  1 22 42  0.000000            -2           -9   0.000
ALGO G22 G23 2016  1  1 23  0 30.000000 2016  1  1 23 24 30.000000            -6           21   0.000
ALGO G16 G32 2016  1  1 22 49  0.000000 2016  1  1 23 59  0.000000            20          -36   0.000
ALGO G26 G32 2016  1  1 21 48 30.000000 2016  1  1 23 59  0.000000           -12            8   0.000
ALGO G23 G26 2016  1  1 23  0 30.000000 2016  1  1 23 59  0.000000            25          -83   0.000
ALGO G25 G29 2016  1  1 22 37  0.000000 2016  1  1 23 59  0.000000            12          133   0.000
ALGO G03 G14 2016  1  1 21 26 30.000000 2016  1  1 23 59  0.000000             7            0   0.000
ALGO G16 G31 2016  1  1 22 49  0.000000 2016  1  1 23 59  0.000000            19           10   0.000
